[[0. 0. 0. 0. 0. 0. 0. 0. 0. 0. 0. 0. 0. 0. 0. 0. 0. 0. 0. 0. 0. 0. 0. 0.
  0. 0. 0. 0. 0. 0. 0. 0. 0. 0. 0. 0. 0. 0. 0. 0. 0. 0. 0. 0. 0. 0. 0. 0.]]
任务： 0
目标主机: 11
任务： 1
目标主机: 7
任务： 2
目标主机: 6
[[  0.       0.       0.       0.       0.       0.       0.       0.
    0.       0.       0.       0.       0.       0.       0.       0.
    0.       0.     100.     114.6442   1.     100.     139.81     2.
    0.       0.       0.       0.       0.       0.       0.       0.
    0.     100.     214.6078   3.       0.       0.       0.       0.
    0.       0.       0.       0.       0.       0.       0.       0.    ]]
任务： 0
目标主机: 14
任务： 1
目标主机: 15
任务： 2
目标主机: 4
[[  0.           0.           0.           0.           0.
    0.           0.           0.           0.           0.
    0.           0.         100.         109.0518       1.
    0.           0.           0.           0.           0.
    0.           0.           0.           0.           0.
    0.           0.           0.           0.           0.
    0.           0.           0.           0.           0.
    0.           0.           0.           0.           0.
    0.           0.         100.         434.80906667   3.
  100.         184.5492       2.        ]]
任务： 0
目标主机: 14
任务： 1
目标主机: 11
任务： 2
目标主机: 3
[[  0.       0.       0.       0.       0.       0.       0.       0.
    0.     100.     109.0518   1.       0.       0.       0.       0.
    0.       0.       0.       0.       0.       0.       0.       0.
    0.       0.       0.       0.       0.       0.       0.       0.
    0.     100.     131.4214   2.       0.       0.       0.       0.
    0.       0.     100.     348.1266   3.       0.       0.       0.    ]]
任务： 0
目标主机: 14
任务： 1
目标主机: 6
任务： 2
目标主机: 2
[[  0.       0.       0.       0.       0.       0.     100.      95.0708
    1.       0.       0.       0.       0.       0.       0.       0.
    0.       0.     100.     153.791    2.       0.       0.       0.
    0.       0.       0.       0.       0.       0.       0.       0.
    0.       0.       0.       0.       0.       0.       0.       0.
    0.       0.     100.     230.686    3.       0.       0.       0.    ]]
任务： 0
目标主机: 15
任务： 1
目标主机: 6
任务： 2
目标主机: 0
[[100.          92.2746       1.           0.           0.
    0.           0.           0.           0.           0.
    0.           0.           0.           0.           0.
    0.           0.           0.         100.         125.829
    2.           0.           0.           0.           0.
    0.           0.           0.           0.           0.
    0.           0.           0.           0.           0.
    0.           0.           0.           0.           0.
    0.           0.           0.           0.           0.
  100.         331.34953333   3.        ]]
任务： 0
目标主机: 14
任务： 1
目标主机: -1
任务： 2
目标主机: 3
[[  0.       0.       0.       0.       0.       0.       0.       0.
    0.     100.     226.4922   1.       0.       0.       0.       0.
    0.       0.       0.       0.       0.       0.       0.       0.
    0.       0.       0.       0.       0.       0.       0.       0.
    0.       0.       0.       0.       0.       0.       0.       0.
    0.       0.     100.     478.1502   3.       0.       0.       0.    ]]
任务： 0
目标主机: 15
任务： 1
目标主机: 15
任务： 2
目标主机: 2
[[  0.       0.       0.       0.       0.       0.     100.     204.1226
    1.       0.       0.       0.       0.       0.       0.       0.
    0.       0.       0.       0.       0.       0.       0.       0.
    0.       0.       0.       0.       0.       0.       0.       0.
    0.       0.       0.       0.       0.       0.       0.       0.
    0.       0.       0.       0.       0.     100.     593.4932   5.    ]]
任务： 0
目标主机: 11
任务： 1
目标主机: 6
任务： 2
目标主机: 0
[[100.     131.4214   1.       0.       0.       0.       0.       0.
    0.       0.       0.       0.       0.       0.       0.       0.
    0.       0.     100.     117.4404   2.       0.       0.       0.
    0.       0.       0.       0.       0.       0.       0.       0.
    0.     100.     434.1098   3.       0.       0.       0.       0.
    0.       0.       0.       0.       0.       0.       0.       0.    ]]
任务： 0
目标主机: 15
任务： 1
目标主机: 7
任务： 2
目标主机: 3
[[  0.       0.       0.       0.       0.       0.       0.       0.
    0.     100.     109.0518   1.       0.       0.       0.       0.
    0.       0.       0.       0.       0.     100.      83.886    2.
    0.       0.       0.       0.       0.       0.       0.       0.
    0.       0.       0.       0.       0.       0.       0.       0.
    0.       0.       0.       0.       0.     100.     243.2694   3.    ]]
任务： 0
目标主机: 14
任务： 1
目标主机: 6
任务： 2
目标主机: 4
[[  0.       0.       0.       0.       0.       0.       0.       0.
    0.       0.       0.       0.     100.     131.4214   1.       0.
    0.       0.     100.      92.2746   2.       0.       0.       0.
    0.       0.       0.       0.       0.       0.       0.       0.
    0.       0.       0.       0.       0.       0.       0.       0.
    0.       0.     100.     178.2574   3.       0.       0.       0.    ]]
任务： 0
目标主机: 15
任务： 1
目标主机: 7
任务： 2
目标主机: 5
[[  0.       0.       0.       0.       0.       0.       0.       0.
    0.       0.       0.       0.       0.       0.       0.     100.
   89.4784   1.       0.       0.       0.     100.     134.2176   2.
    0.       0.       0.       0.       0.       0.       0.       0.
    0.       0.       0.       0.       0.       0.       0.       0.
    0.       0.       0.       0.       0.     100.     344.6314   3.    ]]
任务： 0
目标主机: 14
任务： 1
目标主机: 11
任务： 2
目标主机: 5
[[  0.       0.       0.       0.       0.       0.       0.       0.
    0.       0.       0.       0.       0.       0.       0.     100.
  117.4404   1.       0.       0.       0.       0.       0.       0.
    0.       0.       0.       0.       0.       0.       0.       0.
    0.     100.     120.2366   2.       0.       0.       0.       0.
    0.       0.     100.     369.0984   3.       0.       0.       0.    ]]
任务： 0
目标主机: 11
任务： 1
目标主机: 11
任务： 2
目标主机: 0
[[100.     134.2176   1.       0.       0.       0.       0.       0.
    0.       0.       0.       0.       0.       0.       0.       0.
    0.       0.       0.       0.       0.       0.       0.       0.
    0.       0.       0.       0.       0.       0.       0.       0.
    0.     100.     334.1456   5.       0.       0.       0.       0.
    0.       0.       0.       0.       0.       0.       0.       0.    ]]
任务： 0
目标主机: 14
任务： 1
目标主机: 14
任务： 2
目标主机: 5
[[  0.       0.       0.       0.       0.       0.       0.       0.
    0.       0.       0.       0.       0.       0.       0.     100.
   64.3126   1.       0.       0.       0.       0.       0.       0.
    0.       0.       0.       0.       0.       0.       0.       0.
    0.       0.       0.       0.       0.       0.       0.       0.
    0.       0.     100.     547.356    5.       0.       0.       0.    ]]
任务： 0
目标主机: 11
任务： 1
目标主机: 15
任务： 2
目标主机: 9
[[  0.       0.       0.       0.       0.       0.       0.       0.
    0.       0.       0.       0.       0.       0.       0.       0.
    0.       0.       0.       0.       0.       0.       0.       0.
    0.       0.       0.     100.      81.0898   1.       0.       0.
    0.     100.     257.9492   3.       0.       0.       0.       0.
    0.       0.       0.       0.       0.     100.     125.829    2.    ]]
任务： 0
目标主机: 11
任务： 1
目标主机: 14
任务： 2
目标主机: 4
[[  0.       0.       0.       0.       0.       0.       0.       0.
    0.       0.       0.       0.     100.     128.6252   1.       0.
    0.       0.       0.       0.       0.       0.       0.       0.
    0.       0.       0.       0.       0.       0.       0.       0.
    0.     100.     293.6008   3.       0.       0.       0.       0.
    0.       0.     100.     114.6442   2.       0.       0.       0.    ]]
任务： 0
目标主机: 15
任务： 1
目标主机: 10
任务： 2
目标主机: 9
[[  0.           0.           0.           0.           0.
    0.           0.           0.           0.           0.
    0.           0.           0.           0.           0.
    0.           0.           0.           0.           0.
    0.           0.           0.           0.           0.
    0.           0.         100.         100.6632       1.
  100.         114.6442       2.           0.           0.
    0.           0.           0.           0.           0.
    0.           0.           0.           0.           0.
  100.         454.38226667   3.        ]]
任务： 0
目标主机: 11
任务： 1
目标主机: 13
任务： 2
目标主机: 3
[[  0.       0.       0.       0.       0.       0.       0.       0.
    0.     100.     106.2556   1.       0.       0.       0.       0.
    0.       0.       0.       0.       0.       0.       0.       0.
    0.       0.       0.       0.       0.       0.       0.       0.
    0.     100.     283.1152   3.       0.       0.       0.     100.
  145.4024   2.       0.       0.       0.       0.       0.       0.    ]]
任务： 0
目标主机: 11
任务： 1
目标主机: 15
任务： 2
目标主机: 2
[[  0.           0.           0.           0.           0.
    0.         100.         162.1796       1.           0.
    0.           0.           0.           0.           0.
    0.           0.           0.           0.           0.
    0.           0.           0.           0.           0.
    0.           0.           0.           0.           0.
    0.           0.           0.         100.         388.67173333
    3.           0.           0.           0.           0.
    0.           0.           0.           0.           0.
  100.         190.1416       2.        ]]
任务： 0
目标主机: 14
任务： 1
目标主机: 15
任务： 2
目标主机: 3
[[  0.       0.       0.       0.       0.       0.       0.       0.
    0.     100.      95.0708   1.       0.       0.       0.       0.
    0.       0.       0.       0.       0.       0.       0.       0.
    0.       0.       0.       0.       0.       0.       0.       0.
    0.       0.       0.       0.       0.       0.       0.       0.
    0.       0.     100.     381.6812   3.     100.     150.9948   2.    ]]
