0
0
0
0
0
0
0
0
0
0
0
0
0
0
0
0
[[0. 0. 0. 0. 0. 0. 0. 0. 0. 0. 0. 0. 0. 0. 0. 0. 0. 0. 0. 0. 0. 0. 0. 0.
  0. 0. 0. 0. 0. 0. 0. 0. 0. 0. 0. 0. 0. 0. 0. 0. 0. 0. 0. 0. 0. 0. 0. 0.]]
0
0
0
0
0
0
0
0
0
0
0
0
0
0
0
0
0
0
0
任务： 0
目标主机: -1
任务： 1
目标主机: -1
任务： 2
目标主机: -1
1
1
1
1
1
1
1
1
1
1
1
1
1
1
1
1
[[0. 0. 0. 0. 0. 0. 0. 0. 0. 0. 0. 0. 0. 0. 0. 0. 0. 0. 0. 0. 0. 0. 0. 0.
  0. 0. 0. 0. 0. 0. 0. 0. 0. 0. 0. 0. 0. 0. 0. 0. 0. 0. 0. 0. 0. 0. 0. 0.]]
1
1
1
1
1
1
1
1
1
1
1
1
1
1
1
1
1
1
1
任务： 0
目标主机: -1
任务： 1
目标主机: -1
任务： 2
目标主机: -1
2
2
2
2
2
2
2
2
2
2
2
2
2
2
2
2
[[0. 0. 0. 0. 0. 0. 0. 0. 0. 0. 0. 0. 0. 0. 0. 0. 0. 0. 0. 0. 0. 0. 0. 0.
  0. 0. 0. 0. 0. 0. 0. 0. 0. 0. 0. 0. 0. 0. 0. 0. 0. 0. 0. 0. 0. 0. 0. 0.]]
2
2
2
2
2
2
2
2
2
2
2
2
2
2
2
2
2
2
2
任务： 0
目标主机: -1
任务： 1
目标主机: -1
任务： 2
目标主机: -1
3
3
3
3
3
3
3
3
3
3
3
3
3
3
3
3
[[0. 0. 0. 0. 0. 0. 0. 0. 0. 0. 0. 0. 0. 0. 0. 0. 0. 0. 0. 0. 0. 0. 0. 0.
  0. 0. 0. 0. 0. 0. 0. 0. 0. 0. 0. 0. 0. 0. 0. 0. 0. 0. 0. 0. 0. 0. 0. 0.]]
3
3
3
3
3
3
3
3
3
3
3
3
3
3
3
3
3
3
3
任务： 0
目标主机: -1
任务： 1
目标主机: -1
任务： 2
目标主机: -1
4
4
4
4
4
4
4
4
4
4
4
4
4
4
4
4
[[0. 0. 0. 0. 0. 0. 0. 0. 0. 0. 0. 0. 0. 0. 0. 0. 0. 0. 0. 0. 0. 0. 0. 0.
  0. 0. 0. 0. 0. 0. 0. 0. 0. 0. 0. 0. 0. 0. 0. 0. 0. 0. 0. 0. 0. 0. 0. 0.]]
4
4
4
4
4
4
4
4
4
4
4
4
4
4
4
4
4
4
4
任务： 0
目标主机: -1
任务： 1
目标主机: -1
任务： 2
目标主机: -1
5
5
5
5
5
5
5
5
5
5
5
5
5
5
5
5
[[0. 0. 0. 0. 0. 0. 0. 0. 0. 0. 0. 0. 0. 0. 0. 0. 0. 0. 0. 0. 0. 0. 0. 0.
  0. 0. 0. 0. 0. 0. 0. 0. 0. 0. 0. 0. 0. 0. 0. 0. 0. 0. 0. 0. 0. 0. 0. 0.]]
5
5
5
5
5
5
5
5
5
5
5
5
5
5
5
5
5
5
5
任务： 0
目标主机: -1
任务： 1
目标主机: -1
任务： 2
目标主机: -1
6
6
6
6
6
6
6
6
6
6
6
6
6
6
6
6
[[0. 0. 0. 0. 0. 0. 0. 0. 0. 0. 0. 0. 0. 0. 0. 0. 0. 0. 0. 0. 0. 0. 0. 0.
  0. 0. 0. 0. 0. 0. 0. 0. 0. 0. 0. 0. 0. 0. 0. 0. 0. 0. 0. 0. 0. 0. 0. 0.]]
6
6
6
6
6
6
6
6
6
6
6
6
6
6
6
6
6
6
6
任务： 0
目标主机: -1
任务： -1
目标主机: -1
任务： 2
目标主机: -1
7
7
7
7
7
7
7
7
7
7
7
7
7
7
7
7
[[0. 0. 0. 0. 0. 0. 0. 0. 0. 0. 0. 0. 0. 0. 0. 0. 0. 0. 0. 0. 0. 0. 0. 0.
  0. 0. 0. 0. 0. 0. 0. 0. 0. 0. 0. 0. 0. 0. 0. 0. 0. 0. 0. 0. 0. 0. 0. 0.]]
7
7
7
7
7
7
7
7
7
7
7
7
7
7
7
7
7
7
7
任务： 0
目标主机: -1
任务： -1
目标主机: -1
任务： 2
目标主机: -1
8
8
8
8
8
8
8
8
8
8
8
8
8
8
8
8
[[0. 0. 0. 0. 0. 0. 0. 0. 0. 0. 0. 0. 0. 0. 0. 0. 0. 0. 0. 0. 0. 0. 0. 0.
  0. 0. 0. 0. 0. 0. 0. 0. 0. 0. 0. 0. 0. 0. 0. 0. 0. 0. 0. 0. 0. 0. 0. 0.]]
8
8
8
8
8
8
8
8
8
8
8
8
8
8
8
8
8
8
8
任务： 0
目标主机: -1
任务： -1
目标主机: -1
任务： 2
目标主机: -1
9
9
9
9
9
9
9
9
9
9
9
9
9
9
9
9
[[0. 0. 0. 0. 0. 0. 0. 0. 0. 0. 0. 0. 0. 0. 0. 0. 0. 0. 0. 0. 0. 0. 0. 0.
  0. 0. 0. 0. 0. 0. 0. 0. 0. 0. 0. 0. 0. 0. 0. 0. 0. 0. 0. 0. 0. 0. 0. 0.]]
9
9
9
9
9
9
9
9
9
9
9
9
9
9
9
9
9
9
9
任务： 0
目标主机: -1
任务： -1
目标主机: -1
任务： 2
目标主机: -1
10
10
10
10
10
10
10
10
10
10
10
10
10
10
10
10
[[0. 0. 0. 0. 0. 0. 0. 0. 0. 0. 0. 0. 0. 0. 0. 0. 0. 0. 0. 0. 0. 0. 0. 0.
  0. 0. 0. 0. 0. 0. 0. 0. 0. 0. 0. 0. 0. 0. 0. 0. 0. 0. 0. 0. 0. 0. 0. 0.]]
10
10
10
10
10
10
10
10
10
10
10
10
10
10
10
10
10
10
10
任务： 0
目标主机: -1
任务： -1
目标主机: -1
任务： 2
目标主机: -1
11
11
11
11
11
11
11
11
11
11
11
11
11
11
11
11
[[0. 0. 0. 0. 0. 0. 0. 0. 0. 0. 0. 0. 0. 0. 0. 0. 0. 0. 0. 0. 0. 0. 0. 0.
  0. 0. 0. 0. 0. 0. 0. 0. 0. 0. 0. 0. 0. 0. 0. 0. 0. 0. 0. 0. 0. 0. 0. 0.]]
11
11
11
11
11
11
11
11
11
11
11
11
11
11
11
11
11
11
11
任务： 0
目标主机: -1
任务： -1
目标主机: -1
任务： 2
目标主机: -1
12
12
12
12
12
12
12
12
12
12
12
12
12
12
12
12
[[0. 0. 0. 0. 0. 0. 0. 0. 0. 0. 0. 0. 0. 0. 0. 0. 0. 0. 0. 0. 0. 0. 0. 0.
  0. 0. 0. 0. 0. 0. 0. 0. 0. 0. 0. 0. 0. 0. 0. 0. 0. 0. 0. 0. 0. 0. 0. 0.]]
12
12
12
12
12
12
12
12
12
12
12
12
12
12
12
12
12
12
12
任务： 0
目标主机: -1
任务： -1
目标主机: -1
任务： 2
目标主机: -1
13
13
13
13
13
13
13
13
13
13
13
13
13
13
13
13
[[0. 0. 0. 0. 0. 0. 0. 0. 0. 0. 0. 0. 0. 0. 0. 0. 0. 0. 0. 0. 0. 0. 0. 0.
  0. 0. 0. 0. 0. 0. 0. 0. 0. 0. 0. 0. 0. 0. 0. 0. 0. 0. 0. 0. 0. 0. 0. 0.]]
13
13
13
13
13
13
13
13
13
13
13
13
13
13
13
13
13
13
13
任务： 0
目标主机: -1
任务： -1
目标主机: -1
任务： 2
目标主机: -1
14
14
14
14
14
14
14
14
14
14
14
14
14
14
14
14
[[0. 0. 0. 0. 0. 0. 0. 0. 0. 0. 0. 0. 0. 0. 0. 0. 0. 0. 0. 0. 0. 0. 0. 0.
  0. 0. 0. 0. 0. 0. 0. 0. 0. 0. 0. 0. 0. 0. 0. 0. 0. 0. 0. 0. 0. 0. 0. 0.]]
14
14
14
14
14
14
14
14
14
14
14
14
14
14
14
14
14
14
14
任务： 0
目标主机: -1
任务： -1
目标主机: -1
任务： 2
目标主机: -1
15
15
15
15
15
15
15
15
15
15
15
15
15
15
15
15
[[0. 0. 0. 0. 0. 0. 0. 0. 0. 0. 0. 0. 0. 0. 0. 0. 0. 0. 0. 0. 0. 0. 0. 0.
  0. 0. 0. 0. 0. 0. 0. 0. 0. 0. 0. 0. 0. 0. 0. 0. 0. 0. 0. 0. 0. 0. 0. 0.]]
15
15
15
15
15
15
15
15
15
15
15
15
15
15
15
15
15
15
15
任务： 0
目标主机: -1
任务： -1
目标主机: -1
任务： 2
目标主机: -1
16
16
16
16
16
16
16
16
16
16
16
16
16
16
16
16
[[0. 0. 0. 0. 0. 0. 0. 0. 0. 0. 0. 0. 0. 0. 0. 0. 0. 0. 0. 0. 0. 0. 0. 0.
  0. 0. 0. 0. 0. 0. 0. 0. 0. 0. 0. 0. 0. 0. 0. 0. 0. 0. 0. 0. 0. 0. 0. 0.]]
16
16
16
16
16
16
16
16
16
16
16
16
16
16
16
16
16
16
16
任务： 0
目标主机: -1
任务： -1
目标主机: -1
任务： 2
目标主机: -1
17
17
17
17
17
17
17
17
17
17
17
17
17
17
17
17
[[0. 0. 0. 0. 0. 0. 0. 0. 0. 0. 0. 0. 0. 0. 0. 0. 0. 0. 0. 0. 0. 0. 0. 0.
  0. 0. 0. 0. 0. 0. 0. 0. 0. 0. 0. 0. 0. 0. 0. 0. 0. 0. 0. 0. 0. 0. 0. 0.]]
17
17
17
17
17
17
17
17
17
17
17
17
17
17
17
17
17
17
17
任务： 0
目标主机: -1
任务： -1
目标主机: -1
任务： 2
目标主机: -1
18
18
18
18
18
18
18
18
18
18
18
18
18
18
18
18
[[0. 0. 0. 0. 0. 0. 0. 0. 0. 0. 0. 0. 0. 0. 0. 0. 0. 0. 0. 0. 0. 0. 0. 0.
  0. 0. 0. 0. 0. 0. 0. 0. 0. 0. 0. 0. 0. 0. 0. 0. 0. 0. 0. 0. 0. 0. 0. 0.]]
18
18
18
18
18
18
18
18
18
18
18
18
18
18
18
18
18
18
18
任务： 0
目标主机: -1
任务： -1
目标主机: -1
任务： 2
目标主机: -1
19
19
19
19
19
19
19
19
19
19
19
19
19
19
19
19
[[0. 0. 0. 0. 0. 0. 0. 0. 0. 0. 0. 0. 0. 0. 0. 0. 0. 0. 0. 0. 0. 0. 0. 0.
  0. 0. 0. 0. 0. 0. 0. 0. 0. 0. 0. 0. 0. 0. 0. 0. 0. 0. 0. 0. 0. 0. 0. 0.]]
19
19
19
19
19
19
19
19
19
19
19
19
19
19
19
19
19
19
19
任务： 0
目标主机: -1
任务： -1
目标主机: -1
任务： 2
目标主机: -1
20
20
20
20
20
20
20
20
20
20
20
20
20
20
20
20
[[0. 0. 0. 0. 0. 0. 0. 0. 0. 0. 0. 0. 0. 0. 0. 0. 0. 0. 0. 0. 0. 0. 0. 0.
  0. 0. 0. 0. 0. 0. 0. 0. 0. 0. 0. 0. 0. 0. 0. 0. 0. 0. 0. 0. 0. 0. 0. 0.]]
20
20
20
20
20
20
20
20
20
20
20
20
20
20
20
20
20
20
20
