[[0. 0. 0. 0. 0. 0. 0. 0. 0. 0. 0. 0. 0. 0. 0. 0. 0. 0. 0. 0. 0. 0. 0. 0.
  0. 0. 0. 0. 0. 0. 0. 0. 0. 0. 0. 0. 0. 0. 0. 0. 0. 0. 0. 0. 0. 0. 0. 0.]]
0.22975154438379086
0.4028017353281264
0.4653942125404792
[[  0.       0.       0.       0.       0.       0.       0.       0.
    0.       0.       0.       0.       0.       0.       0.       0.
    0.       0.     100.     114.6442   1.     100.     139.81     2.
    0.       0.       0.       0.       0.       0.       0.       0.
    0.     100.     214.6078   3.       0.       0.       0.       0.
    0.       0.       0.       0.       0.       0.       0.       0.    ]]
0.23048792753886704
0.37481907307453155
0.39175598390230937
[[  0.           0.           0.           0.           0.
    0.           0.           0.           0.           0.
    0.           0.         100.         109.0518       1.
    0.           0.           0.           0.           0.
    0.           0.           0.           0.           0.
    0.           0.           0.           0.           0.
    0.           0.           0.           0.           0.
    0.           0.           0.           0.           0.
    0.           0.         100.         434.80906667   3.
  100.         184.5492       2.        ]]
0.23122431069394336
0.4028017353281264
0.3726099233314597
[[  0.       0.       0.       0.       0.       0.       0.       0.
    0.     100.     109.0518   1.       0.       0.       0.       0.
    0.       0.       0.       0.       0.       0.       0.       0.
    0.       0.       0.       0.       0.       0.       0.       0.
    0.     100.     131.4214   2.       0.       0.       0.       0.
    0.       0.     100.     348.1266   3.       0.       0.       0.    ]]
0.22975154438379086
0.39617428447263614
0.24227008849021786
[[  0.       0.       0.       0.       0.       0.     100.      95.0708
    1.       0.       0.       0.       0.       0.       0.       0.
    0.       0.     100.     153.791    2.       0.       0.       0.
    0.       0.       0.       0.       0.       0.       0.       0.
    0.       0.       0.       0.       0.       0.       0.       0.
    0.       0.     100.     230.686    3.       0.       0.       0.    ]]
0.2319606938490196
0.4109019530403922
0.36377332435917215
[[100.          92.2746       1.           0.           0.
    0.           0.           0.           0.           0.
    0.           0.           0.           0.           0.
    0.           0.           0.         100.         125.829
    2.           0.           0.           0.           0.
    0.           0.           0.           0.           0.
    0.           0.           0.           0.           0.
    0.           0.           0.           0.           0.
    0.           0.           0.           0.           0.
  100.         331.34953333   3.        ]]
0.31885390614801734
0.4595031465589543
[[  0.       0.       0.       0.       0.       0.       0.       0.
    0.     100.     226.4922   1.       0.       0.       0.       0.
    0.       0.       0.       0.       0.       0.       0.       0.
    0.       0.       0.       0.       0.       0.       0.       0.
    0.       0.       0.       0.       0.       0.       0.       0.
    0.       0.     100.     478.1502   3.       0.       0.       0.    ]]
0.23122431069394336
0.40869270246830064
0.3947015176158606
[[  0.       0.       0.       0.       0.       0.     100.     204.1226
    1.       0.       0.       0.       0.       0.       0.       0.
    0.       0.       0.       0.       0.       0.       0.       0.
    0.       0.       0.       0.       0.       0.       0.       0.
    0.       0.       0.       0.       0.       0.       0.       0.
    0.       0.       0.       0.       0.     100.     593.4932   5.    ]]
0.23269707700409586
0.3880740667603703
0.22901519003178653
[[100.     131.4214   1.       0.       0.       0.       0.       0.
    0.       0.       0.       0.       0.       0.       0.       0.
    0.       0.     100.     117.4404   2.       0.       0.       0.
    0.       0.       0.       0.       0.       0.       0.       0.
    0.     100.     434.1098   3.       0.       0.       0.       0.
    0.       0.       0.       0.       0.       0.       0.       0.    ]]
0.23343346015917218
0.385864916475207
0.26657073566400874
[[  0.       0.       0.       0.       0.       0.       0.       0.
    0.     100.     109.0518   1.       0.       0.       0.       0.
    0.       0.       0.       0.       0.     100.      83.886    2.
    0.       0.       0.       0.       0.       0.       0.       0.
    0.       0.       0.       0.       0.       0.       0.       0.
    0.       0.       0.       0.       0.     100.     243.2694   3.    ]]
0.2400609085548584
0.385864916475207
0.2334334895179303
[[  0.       0.       0.       0.       0.       0.       0.       0.
    0.       0.       0.       0.     100.     131.4214   1.       0.
    0.       0.     100.      92.2746   2.       0.       0.       0.
    0.       0.       0.       0.       0.       0.       0.       0.
    0.       0.       0.       0.       0.       0.       0.       0.
    0.       0.     100.     178.2574   3.       0.       0.       0.    ]]
0.2290151612287146
0.38733768333198243
0.3645097076068627
[[  0.       0.       0.       0.       0.       0.       0.       0.
    0.       0.       0.       0.       0.       0.       0.     100.
   89.4784   1.       0.       0.       0.     100.     134.2176   2.
    0.       0.       0.       0.       0.       0.       0.       0.
    0.       0.       0.       0.       0.       0.       0.       0.
    0.       0.       0.       0.       0.     100.     344.6314   3.    ]]
0.2268060117634859
0.37997384904810455
0.22680604028871462
[[  0.       0.       0.       0.       0.       0.       0.       0.
    0.       0.       0.       0.       0.       0.       0.     100.
  117.4404   1.       0.       0.       0.       0.       0.       0.
    0.       0.       0.       0.       0.       0.       0.       0.
    0.     100.     120.2366   2.       0.       0.       0.       0.
    0.       0.     100.     369.0984   3.       0.       0.       0.    ]]
0.2290151612287146
0.35567310863457513
0.39028321704553376
[[100.     134.2176   1.       0.       0.       0.       0.       0.
    0.       0.       0.       0.       0.       0.       0.       0.
    0.       0.       0.       0.       0.       0.       0.       0.
    0.       0.       0.       0.       0.       0.       0.       0.
    0.     100.     334.1456   5.       0.       0.       0.       0.
    0.       0.       0.       0.       0.       0.       0.       0.    ]]
0.2275423949185621
0.2584705199394117
0.38733768333198243
[[  0.       0.       0.       0.       0.       0.       0.       0.
    0.       0.       0.       0.       0.       0.       0.     100.
   64.3126   1.       0.       0.       0.       0.       0.       0.
    0.       0.       0.       0.       0.       0.       0.       0.
    0.       0.       0.       0.       0.       0.       0.       0.
    0.       0.     100.     547.356    5.       0.       0.       0.    ]]
0.22386047914318083
0.32106309599311544
0.385864916475207
[[  0.       0.       0.       0.       0.       0.       0.       0.
    0.       0.       0.       0.       0.       0.       0.       0.
    0.       0.       0.       0.       0.       0.       0.       0.
    0.       0.       0.     100.      81.0898   1.       0.       0.
    0.     100.     257.9492   3.       0.       0.       0.       0.
    0.       0.       0.       0.       0.     100.     125.829    2.    ]]
0.2790892157738997
0.25037030421481477
0.3814466159048801
[[  0.       0.       0.       0.       0.       0.       0.       0.
    0.       0.       0.       0.     100.     128.6252   1.       0.
    0.       0.       0.       0.       0.       0.       0.       0.
    0.       0.       0.       0.       0.       0.       0.       0.
    0.     100.     293.6008   3.       0.       0.       0.       0.
    0.       0.     100.     114.6442   2.       0.       0.       0.    ]]
0.22533324545333333
0.3866012999035948
0.3453637431669063
[[  0.           0.           0.           0.           0.
    0.           0.           0.           0.           0.
    0.           0.           0.           0.           0.
    0.           0.           0.           0.           0.
    0.           0.           0.           0.           0.
    0.           0.         100.         100.6632       1.
  100.         114.6442       2.           0.           0.
    0.           0.           0.           0.           0.
    0.           0.           0.           0.           0.
  100.         454.38226667   3.        ]]
0.22091494652287583
0.273934568140915
0.3843921496184313
[[  0.       0.       0.       0.       0.       0.       0.       0.
    0.     100.     106.2556   1.       0.       0.       0.       0.
    0.       0.       0.       0.       0.       0.       0.       0.
    0.       0.       0.       0.       0.       0.       0.       0.
    0.     100.     283.1152   3.       0.       0.       0.     100.
  145.4024   2.       0.       0.       0.       0.       0.       0.    ]]
0.21576026443734203
0.3807101390560566
0.3843921496184313
[[  0.           0.           0.           0.           0.
    0.         100.         162.1796       1.           0.
    0.           0.           0.           0.           0.
    0.           0.           0.           0.           0.
    0.           0.           0.           0.           0.
    0.           0.           0.           0.           0.
    0.           0.           0.         100.         388.67173333
    3.           0.           0.           0.           0.
    0.           0.           0.           0.           0.
  100.         190.1416       2.        ]]
0.20839643288657955
0.20103262661954244
0.3866012999035948
[[  0.       0.       0.       0.       0.       0.       0.       0.
    0.     100.      95.0708   1.       0.       0.       0.       0.
    0.       0.       0.       0.       0.       0.       0.       0.
    0.       0.       0.       0.       0.       0.       0.       0.
    0.       0.       0.       0.       0.       0.       0.       0.
    0.       0.     100.     381.6812   3.     100.     150.9948   2.    ]]
