[[0. 0. 0. 0. 0. 0. 0. 0. 0. 0. 0. 0. 0. 0. 0. 0. 0. 0. 0. 0. 0. 0. 0. 0.
  0. 0. 0. 0. 0. 0. 0. 0. 0. 0. 0. 0. 0. 0. 0. 0. 0. 0. 0. 0. 0. 0. 0. 0.]]
0.22975154438379086
0.4653942125404792
0.18728946370588234
0.15758605343254906
0.388810369435817
0.15758605343254906
0.388810369435817
0.4028017353281264
0.35482348934627456
0.22975154438379086
0.2917074942605664
0.20986922760980392
0.2859064502539216
0.16077060642344226
0.388810369435817
[[  0.           0.           0.         100.         114.6442
    1.         100.         214.6078       3.           0.
    0.           0.         100.          96.9928       1.
  100.         398.4584       1.         100.         666.8936
    3.           0.           0.           0.         100.
  268.4352       2.           0.           0.           0.
  100.         250.52433333   3.         100.         668.2918
    3.           0.           0.           0.         100.
  120.23626667   2.         100.          72.70093333   1.
  100.         304.0866       3.        ]]
0.39175598390230937
0.37481907307453155
0.6199214986279739
0.1627407374233333
0.23048792753886704
0.23048792753886704
0.3873376028849236
0.4581437391176036
0.18728946370588234
0.1627407374233333
0.20103262855254903
0.3873376028849236
0.2875638789510458
0.3873376028849236
0.15662703409294118
0.278448062703268
[[  0.           0.           0.           0.           0.
    0.         100.         184.5492       2.         100.
  434.80906667   3.         100.         419.43         3.
  100.         349.52473333   1.           0.           0.
    0.         100.         251.658        4.           0.
    0.           0.         100.         549.11353333   3.
  100.          72.7008       2.           0.           0.
    0.         100.         109.0516       3.           0.
    0.           0.         100.          33.5544       2.
  100.         509.6066       3.        ]]
0.15905882028705884
0.4499868772935513
0.18397460594117646
0.6613855462335732
0.4028017353281264
0.23122431069394336
0.23122431069394336
0.388810369435817
0.3726099233314597
0.388810369435817
0.2569014864226579
0.15994189195734207
0.388810369435817
0.15905882028705884
0.2859064502539216
0.32695416511843145
[[  0.           0.           0.         100.         475.35426667
    1.          99.97517995 202.08333333   2.           0.
    0.           0.           0.           0.           0.
  100.         455.7806       3.         100.         131.4214
    2.         100.         218.1036       2.         100.
    0.           2.         100.         348.1266       5.
  100.         448.7898       2.         100.          41.94273333
    3.           0.           0.           0.           0.
    0.           0.         100.         550.85146667   2.
  100.          75.49706667   2.        ]]
0.19972018032352942
0.16200435399607843
0.6151633292306099
0.22975154438379086
0.3954378189148366
0.16200435399607843
0.39617428447263614
0.3954378189148366
0.24227008849021786
0.362300561347451
0.26104505878431367
0.4683398163976689
0.22975154438379086
0.2900500219967321
0.15911317749124188
[[  0.           0.           0.         100.          93.8472
    1.         100.         552.2496       1.           0.
    0.           0.           0.           0.           0.
    0.           0.           0.         100.         332.7478
    3.          99.97517995 262.8428       3.         100.
  552.2496       1.         100.         321.563        4.
  100.         345.32986667   5.         100.         450.18826667
    2.         100.         115.2732       1.           0.
    0.           0.          99.97517995 172.665        2.
  100.          39.8456       1.        ]]
0.2319606938490196
0.36377332435917215
0.4109019530403922
0.4730979857950327
0.3880739861603703
0.20966475361764705
0.3880739861603703
0.15464051972352943
0.15414089069464054
0.15464051972352943
0.3880739861603703
0.2319606938490196
0.20986922760980392
0.2618737732566449
[[  0.           0.           0.         100.          92.2746
    1.           0.           0.           0.         100.
  457.17853333   5.           0.           0.           0.
    0.           0.           0.         100.         164.7978
    3.         100.          99.0902       1.           0.
    0.           0.         100.         570.4248       3.
  100.          55.92373333   1.           0.           0.
    0.           0.           0.           0.         100.
  503.316        1.         100.          67.1088       2.
  100.         645.92173333   5.        ]]
0.4595031465589543
0.39028313598671016
0.56554247300183
0.16421350427784315
0.6219607140839869
0.20220632364705882
0.31885390614801734
0.2925361650424183
0.16421350427784315
0.47377772428037046
0.1582844630251416
0.206923694590719
0.39028313598671016
0.31885390614801734
0.25773020089498916
[[  0.           0.           0.           0.           0.
    0.         100.         578.8134       5.         100.
  226.4922       2.         100.         747.9838       4.
  100.          91.7496       1.         100.         308.9798
    2.           0.           0.           0.           0.
    0.           0.         100.         426.4208       1.
  100.         125.0422       1.         100.          48.234
    1.         100.          76.89526667   2.         100.
  100.6632       2.         100.         676.68033333   3.
    0.           0.           0.        ]]
0.22789647132352936
0.42551629182139433
0.3947015176158606
0.23122431069394336
0.23122431069394336
0.388810369435817
0.6253594065106755
0.40869270246830064
0.388810369435817
0.15758605343254906
0.1582844630251416
0.26601734561830065
0.388810369435817
0.20545092808117651
0.2892213076481699
[[  0.           0.           0.         100.          88.0798
    1.           0.           0.           0.           0.
    0.           0.         100.          93.7814       1.
  100.         142.6062       2.         100.         204.1226
    1.         100.         226.4922       3.         100.
  343.9326       3.         100.         871.715        6.
  100.          35.6514       1.         100.         471.15953333
    2.           0.           0.           0.         100.
   22.3696       2.           0.           0.           0.
  100.         160.78073333   3.        ]]
0.22901519003178653
0.45950321608827877
0.3880740667603703
0.1627407374233333
0.19723403699999997
0.3880739861603703
0.3880739861603703
0.27264706139694994
0.23269707700409586
0.15579831962684096
0.6056469904358824
0.1627407374233333
0.2875638789510458
0.23269707700409586
0.20103262855254903
[[  0.           0.           0.           0.           0.
    0.         100.         538.96273333   4.         100.
  508.90826667   3.           0.           0.           0.
    0.           0.           0.           0.           0.
    0.         100.         157.8102       3.         100.
   67.1088       2.           0.           0.           0.
  100.         452.9844       2.         100.         179.6554
    2.         100.         478.1502       3.         100.
  470.4602       2.         100.         218.10333333   3.
    0.           0.           0.        ]]
0.1553769031507843
0.3880739861603703
0.26657073566400874
0.6029280364945316
0.3880739861603703
0.18480332038235298
0.385864916475207
0.1524834617624401
0.23343346015917218
0.23343346015917218
0.2900500219967321
0.44726792335220056
0.3880739861603703
0.1553769031507843
0.20766007784549018
0.25855891536732023
[[  0.           0.           0.           0.           0.
    0.           0.           0.           0.         100.
  440.4016       1.           0.           0.           0.
    0.           0.           0.         100.          78.2936
    2.         100.         243.2694       3.         100.
  461.373        3.          99.97517995 176.335        3.
  100.         119.5372       3.         100.         218.1036
    2.         100.          67.10826667   1.         100.
  617.03546667   4.         100.          85.284        2.
  100.         473.9558       2.        ]]
0.3880739861603703
0.16126797056882353
0.19723403699999997
0.2875638789510458
0.2334334895179303
0.2400609085548584
0.15165474729633988
0.3880739861603703
0.6008888210385185
0.385864916475207
0.2820914714151416
0.2593876298396514
0.20618731133594775
0.16126797056882353
0.2400609085548584
0.3880739861603703
[[100.          33.5544       2.           0.           0.
    0.         100.         580.21193333   1.           0.
    0.           0.          99.97517995 184.19866667   2.
    0.           0.           0.           0.           0.
    0.         100.         342.53393333   5.           0.
    0.           0.         100.         450.1882       5.
  100.         180.1946       3.         100.         503.316
    2.         100.          61.51606667   2.           0.
    0.           0.         100.         580.21193333   1.
  100.         164.9758       3.        ]]
0.2290151612287146
0.38733768333198243
0.3858648363340305
0.3645097076068627
0.15611328657803922
0.3858648363340305
0.5872940513317646
0.3541437508609368
0.2900500219967321
0.15611328657803922
0.20839646110026147
0.3858648363340305
0.2290151612287146
0.2593876298396514
[[  0.           0.           0.         100.          89.4784
    1.         100.         134.2176       2.           0.
    0.           0.         100.          22.3696       2.
  100.         344.6314       3.           0.           0.
    0.           0.           0.           0.           0.
    0.           0.         100.         566.23073333   1.
  100.         425.0224       5.           0.           0.
    0.           0.           0.           0.         100.
  168.645        2.         100.         650.11646667   5.
  100.         552.24926667   3.        ]]
0.22680604028871462
0.3939650523639433
0.16053158714156862
0.37997384904810455
0.2883925932996079
0.16053158714156862
0.19889146588235296
0.2268060117634859
0.1582844630251416
0.3939650523639433
0.20618731133594775
0.7014901168684967
0.26104505878431367
0.5281568031073856
0.2268060117634859
0.3939650523639433
[[100.         369.0984       3.         100.         167.772
    2.         100.         566.2308       1.         100.
  120.2366       2.         100.          99.964        1.
  100.         665.3206       2.           0.           0.
    0.         100.         161.4802       2.         100.
  167.772        2.         100.          60.11806667   2.
  100.         363.506        3.         100.         490.733
    2.           0.           0.           0.         100.
   90.52506667   1.           0.           0.           0.
  100.         285.2124       3.        ]]
0.15758605343254906
0.6070064674065578
0.2290151612287146
0.35567310863457513
0.39028321704553376
0.3880739861603703
0.15758605343254906
0.1856320348235294
0.15496960516074076
0.3880739861603703
0.2593876298396514
0.3008234111328758
0.2290151612287146
0.20766007784549018
0.3880739861603703
[[100.         426.42053333   1.         100.         261.2136
    2.         100.         216.7052       3.           0.
    0.           0.         100.         117.4404       2.
    0.           0.           0.         100.         594.19253333
    3.         100.         134.04193333   2.           0.
    0.           0.         100.         167.772        2.
  100.         473.956        2.           0.           0.
    0.         100.          73.4          1.           0.
    0.           0.           0.           0.           0.
  100.         385.8752       5.        ]]
0.5376731419021133
0.2584705199394117
0.6675031926016121
0.2275423949185621
0.3895467527112636
0.18977560702941176
0.38733768333198243
0.2908788355582353
0.27016091797995645
0.2275423949185621
0.15662703409294118
0.3895467527112636
0.3895467527112636
0.1627407374233333
0.20766007784549018
[[  0.           0.           0.         100.         113.97066667
    1.           0.           0.           0.           0.
    0.           0.           0.           0.           0.
  100.         838.1608       6.           0.           0.
    0.         100.         198.5302       3.         100.
   93.847        1.         100.         142.6062       2.
  100.         541.76333333   3.         100.          99.9638
    2.           0.           0.           0.           0.
    0.           0.         100.         701.84606667   5.
  100.          83.8856       2.        ]]
0.385864916475207
0.2917075501894554
0.6403136531881047
0.1553769031507843
0.32106309599311544
0.22386047914318083
0.500967263693878
0.18977560702941176
0.22386047914318083
0.15165474729633988
0.388810369435817
0.388810369435817
0.388810369435817
0.1553769031507843
0.20766007784549018
0.2569014864226579
[[  0.           0.           0.           0.           0.
    0.           0.           0.           0.           0.
    0.           0.         100.         211.8118       3.
  100.         788.5284       4.         100.         339.039
    4.           0.           0.           0.         100.
  211.09033333   2.           0.           0.           0.
  100.         128.62466667   2.         100.         167.772
    2.         100.         335.544        4.         100.
  419.43         1.         100.          75.4972       2.
  100.         473.9558       2.        ]]
0.4880522324724619
0.3991197352920697
0.3991197352920697
0.25037030421481477
0.19889146588235296
0.2900501209270153
0.3814466159048801
0.16421350427784315
0.16421350427784315
0.6056469904358824
0.2602163443119826
0.2790892157738997
0.3991197352920697
0.20766007784549018
0.2790892157738997
0.15662703409294118
[[0.00000000e+00 0.00000000e+00 0.00000000e+00 1.00000000e+02
  9.89915333e+01 1.00000000e+00 0.00000000e+00 0.00000000e+00
  0.00000000e+00 0.00000000e+00 0.00000000e+00 0.00000000e+00
  1.00000000e+02 1.67772000e+02 2.00000000e+00 0.00000000e+00
  0.00000000e+00 0.00000000e+00 1.00000000e+02 1.67772000e+02
  2.00000000e+00 1.00000000e+02 3.80632200e+02 4.00000000e+00
  1.00000000e+02 7.40987333e+01 1.00000000e+00 1.00000000e+02
  1.13525780e+03 4.00000000e+00 1.00000000e+02 7.94120533e+02
  5.00000000e+00 1.00000000e+02 1.28625200e+02 1.00000000e+00
  1.00000000e+02 1.67772000e+02 2.00000000e+00 1.00000000e+02
  7.82932000e+01 2.00000000e+00 1.00000000e+02 1.28625200e+02
  1.00000000e+00 1.00000000e+02 4.40395333e+01 1.00000000e+00]]
0.1539041362962745
0.3453637431669063
0.5315554955340741
0.3866012999035948
0.20800732473529415
0.3895467527112636
0.1539041362962745
0.22533324545333333
0.3895467527112636
0.3895467527112636
0.49552935581117646
0.2560727719503268
0.2917075501894554
0.15662703409294118
0.20618731133594775
0.22533324545333333
[[1.00000000e+02 6.78078933e+02 1.00000000e+00 1.00000000e+02
  1.02480707e+03 6.00000000e+00 1.00000000e+02 2.12161400e+02
  3.00000000e+00 0.00000000e+00 0.00000000e+00 0.00000000e+00
  1.00000000e+02 1.67772000e+02 2.00000000e+00 1.00000000e+02
  6.78078933e+02 1.00000000e+00 1.00000000e+02 1.00663200e+02
  1.00000000e+00 1.00000000e+02 1.67772000e+02 2.00000000e+00
  1.00000000e+02 1.67772000e+02 2.00000000e+00 1.00000000e+02
  1.00294067e+02 1.00000000e+00 1.00000000e+02 4.90733200e+02
  2.00000000e+00 1.00000000e+02 1.10449000e+02 2.00000000e+00
  0.00000000e+00 0.00000000e+00 0.00000000e+00 1.00000000e+02
  1.42606000e+02 2.00000000e+00 1.00000000e+02 1.00663200e+02
  1.00000000e+00 0.00000000e+00 0.00000000e+00 0.00000000e+00]]
0.1627407374233333
0.1627407374233333
0.536313664931438
0.273934568140915
0.3843921496184313
0.20634989585294117
0.22091494652287583
0.22091494652287583
0.3910195192621569
0.5036862176352288
0.3910195192621569
0.15662703409294118
0.2651886311459695
0.3910195192621569
0.20766007784549018
0.28922140629579524
[[  0.           0.           0.           0.           0.
    0.         100.         524.2876       1.           0.
    0.           0.           0.           0.           0.
  100.         994.0492       4.         100.         523.4134
    6.         100.         212.5112       2.         100.
  100.6632       2.         100.         104.20166667   1.
  100.         100.6632       2.         100.         543.1614
    3.           0.           0.           0.           0.
    0.           0.         100.         100.6632       2.
  100.         164.27626667   3.        ]]
0.3807101390560566
0.1539041362962745
0.3843921496184313
0.4941698788405011
0.1582844630251416
0.1539041362962745
0.3873376028849236
0.20471454482640522
0.19391917923529414
0.21576026443734203
0.2569014864226579
0.518640464312658
0.2917075501894554
0.3873376028849236
0.21576026443734203
0.3873376028849236
[[  0.           0.           0.         100.         388.67173333
    3.         100.         475.35426667   1.         100.
  190.1416       2.         100.          76.1972       1.
    0.           0.           0.           0.           0.
    0.         100.          29.3598       1.         100.
  475.35426667   1.         100.         173.3642       4.
  100.          93.3228       1.         100.         644.524
    3.           0.           0.           0.         100.
  554.3462       4.         100.          89.4784       2.
  100.         251.658        3.        ]]
0.4629019085149674
0.3866012999035948
0.16421350427784315
0.16421350427784315
0.1889468925882353
0.20839643288657955
0.520679679768671
0.20103262661954244
0.203978161571634
0.20839643288657955
0.1632567498217429
0.3880739861603703
0.3880739861603703
0.3880739861603703
0.27264706139694994
[[100.          85.9662       1.           0.           0.
    0.         100.         150.9948       2.           0.
    0.           0.         100.         824.87893333   2.
    0.           0.           0.         100.         102.76
    1.         100.          95.0708       1.         100.
  436.2072       3.         100.         452.98406667   5.
    0.           0.           0.         100.         131.42126667
    4.           0.           0.           0.           0.
    0.           0.         100.           0.           4.
  100.         464.169        2.        ]]
[[100.          85.9662       1.           0.           0.
    0.         100.         150.9948       2.           0.
    0.           0.         100.         824.87893333   2.
    0.           0.           0.         100.         102.76
    1.         100.          95.0708       1.         100.
  436.2072       3.         100.         452.98406667   5.
    0.           0.           0.         100.         131.42126667
    4.           0.           0.           0.           0.
    0.           0.         100.           0.           4.
  100.         464.169        2.        ]]
0.2334334895179303
0.1531677528690196
0.20839643288657955
0.15496960516074076
0.38660121960947713
0.39175598390230937
0.492130663384488
0.2668460600906318
0.20839643288657955
0.20029624529777776
0.29253626482067546
[[  0.           0.           0.           0.           0.
    0.         100.         669.6896       4.           0.
    0.           0.           0.           0.           0.
    0.           0.           0.           0.           0.
    0.         100.         178.95653333   4.           0.
    0.           0.         100.         207.12306667   3.
  100.         479.54813333   2.         100.         148.1986
    1.           0.           0.           0.           0.
    0.           0.         100.          96.4688       2.
  100.          76.89533333   1.        ]]
[[  0.           0.           0.           0.           0.
    0.         100.         669.6896       4.           0.
    0.           0.           0.           0.           0.
    0.           0.           0.           0.           0.
    0.         100.         178.95653333   4.           0.
    0.           0.         100.         207.12306667   3.
  100.         479.54813333   2.         100.         148.1986
    1.           0.           0.           0.           0.
    0.           0.         100.          96.4688       2.
  100.          76.89533333   1.        ]]
0.25773410427668847
0.16347712085058821
0.32548139547925925
0.39543790104424825
0.25773410427668847
0.1582844630251416
0.388810369435817
0.19806275144117647
0.388810369435817
0.16347712085058821
0.388810369435817
0.28922140629579524
0.206923694590719
0.2618737732566449
[[  0.           0.           0.         100.         170.5682
    1.           0.           0.           0.           0.
    0.           0.         100.         566.23073333   1.
    0.           0.           0.         100.         336.9416
    5.         100.         306.18373333   4.           0.
    0.           0.         100.         104.3328       1.
    0.           0.           0.           0.           0.
    0.           0.           0.           0.         100.
  666.89393333   3.         100.         183.1508       3.
  100.         599.7846       4.        ]]
[[  0.           0.           0.         100.         170.5682
    1.           0.           0.           0.           0.
    0.           0.         100.         566.23073333   1.
    0.           0.           0.         100.         336.9416
    5.         100.         306.18373333   4.           0.
    0.           0.         100.         104.3328       1.
    0.           0.           0.           0.           0.
    0.           0.           0.           0.         100.
  666.89393333   3.         100.         183.1508       3.
  100.         599.7846       4.        ]]
0.15611328657803922
0.2171231835882353
0.21428749812718953
0.21428749812718953
0.15496960516074076
0.3873376028849236
0.3910196004739216
0.547189480696841
0.3866012050375817
0.2560727719503268
0.48669275550178653
0.3873376028849236
0.3873376028849236
0.15611328657803922
0.20545092808117651
0.2917075501894554
[[100.         377.4866       1.           0.           0.
    0.           0.           0.           0.           0.
    0.           0.           0.           0.           0.
    0.           0.           0.         100.         112.02233333
    1.         100.         706.73926667   5.           0.
    0.           0.         100.         587.202        5.
  100.         850.0444       5.           0.           0.
    0.           0.           0.           0.         100.
  502.2956       3.          99.97517995 859.8308       5.
  100.          78.9924       1.        ]]
[[100.         377.4866       1.           0.           0.
    0.           0.           0.           0.           0.
    0.           0.           0.           0.           0.
    0.           0.           0.         100.         112.02233333
    1.         100.         706.73926667   5.           0.
    0.           0.         100.         587.202        5.
  100.         850.0444       5.           0.           0.
    0.           0.           0.           0.         100.
  502.2956       3.          99.97517995 859.8308       5.
  100.          78.9924       1.        ]]
0.4894117094431373
0.4683397455312418
0.3814466159048801
0.2061872834213508
0.2061872834213508
0.5342744494754249
0.1627407374233333
0.20766007784549018
0.28010549164793036
0.39985611856751635
0.39985611856751635
0.15662703409294118
[[100.         478.1502       3.           0.           0.
    0.         100.         559.23993333   5.           0.
    0.           0.           0.           0.           0.
    0.           0.           0.           0.           0.
    0.         100.         184.5492       2.           0.
    0.           0.          99.97517995 601.60286667   4.
  100.         493.5292       2.           0.           0.
    0.           0.           0.           0.         100.
  134.2176       2.         100.         134.2176       2.
  100.          35.65106667   1.        ]]
[[100.         478.1502       3.           0.           0.
    0.         100.         559.23993333   5.           0.
    0.           0.           0.           0.           0.
    0.           0.           0.           0.           0.
    0.         100.         184.5492       2.           0.
    0.           0.          99.97517995 601.60286667   4.
  100.         493.5292       2.           0.           0.
    0.           0.           0.           0.         100.
  134.2176       2.         100.         134.2176       2.
  100.          35.65106667   1.        ]]
0.39322866908849674
0.547189480696841
0.4234203674221133
0.385864916475207
0.15611328657803922
0.1870413213893682
0.1870413213893682
0.15082603283023965
0.39322866908849674
0.15611328657803922
0.20839646110026147
0.5233986337100217
0.39322866908849674
0.2917075501894554
0.25855891536732023
[[1.00000000e+02 5.45259000e+02 5.00000000e+00 0.00000000e+00
  0.00000000e+00 0.00000000e+00 9.99751799e+01 1.08003227e+03
  6.00000000e+00 0.00000000e+00 0.00000000e+00 0.00000000e+00
  0.00000000e+00 0.00000000e+00 0.00000000e+00 0.00000000e+00
  0.00000000e+00 0.00000000e+00 0.00000000e+00 0.00000000e+00
  0.00000000e+00 1.00000000e+02 4.36207000e+02 5.00000000e+00
  1.00000000e+02 4.75354067e+02 1.00000000e+00 1.00000000e+02
  5.87198000e+01 2.00000000e+00 0.00000000e+00 0.00000000e+00
  0.00000000e+00 0.00000000e+00 0.00000000e+00 0.00000000e+00
  0.00000000e+00 0.00000000e+00 0.00000000e+00 1.00000000e+02
  1.14621933e+02 1.00000000e+00 1.00000000e+02 1.78956800e+02
  2.00000000e+00 1.00000000e+02 5.79511933e+02 3.00000000e+00]]
[[1.00000000e+02 5.45259000e+02 5.00000000e+00 0.00000000e+00
  0.00000000e+00 0.00000000e+00 9.99751799e+01 1.08003227e+03
  6.00000000e+00 0.00000000e+00 0.00000000e+00 0.00000000e+00
  0.00000000e+00 0.00000000e+00 0.00000000e+00 0.00000000e+00
  0.00000000e+00 0.00000000e+00 0.00000000e+00 0.00000000e+00
  0.00000000e+00 1.00000000e+02 4.36207000e+02 5.00000000e+00
  1.00000000e+02 4.75354067e+02 1.00000000e+00 1.00000000e+02
  5.87198000e+01 2.00000000e+00 0.00000000e+00 0.00000000e+00
  0.00000000e+00 0.00000000e+00 0.00000000e+00 0.00000000e+00
  0.00000000e+00 0.00000000e+00 0.00000000e+00 1.00000000e+02
  1.14621933e+02 1.00000000e+00 1.00000000e+02 1.78956800e+02
  2.00000000e+00 1.00000000e+02 5.79511933e+02 3.00000000e+00]]
0.4941698788405011
0.16863174251246188
0.16126797056882353
0.15911317749124188
0.388810369435817
0.47423081151276675
0.37555554847777767
0.18728946370588234
0.2734757758692811
0.16863174251246188
0.388810369435817
0.16126797056882353
0.206923694590719
[[100.         385.8756       3.         100.         100.6632
    1.           0.           0.           0.           0.
    0.           0.         100.         468.36373333   1.
    0.           0.           0.           0.           0.
    0.         100.          91.5754       3.           0.
    0.           0.         100.         573.22106667   5.
  100.         609.74573333   3.           0.           0.
    0.           0.           0.           0.           0.
    0.           0.          99.97517995 701.8462       6.
    0.           0.           0.        ]]
[[100.         385.8756       3.         100.         100.6632
    1.           0.           0.           0.           0.
    0.           0.         100.         468.36373333   1.
    0.           0.           0.           0.           0.
    0.         100.          91.5754       3.           0.
    0.           0.         100.         573.22106667   5.
  100.         609.74573333   3.           0.           0.
    0.           0.           0.           0.           0.
    0.           0.          99.97517995 701.8462       6.
    0.           0.           0.        ]]
0.18480332038235298
0.21428749812718953
0.21428749812718953
0.3880739861603703
0.3777646987629412
0.5002875252085404
0.29308053258087147
0.3880739861603703
0.3880739861603703
0.2900501209270153
0.1582844630251416
[[  0.           0.           0.           0.           0.
    0.         100.          89.47786667   1.           0.
    0.           0.           0.           0.           0.
    0.           0.           0.           0.           0.
    0.         100.         419.43         4.           0.
    0.           0.          99.97517995 280.74453333   3.
  100.         464.16926667   3.           0.           0.
    0.           0.           0.           0.           0.
    0.           0.         100.         246.0656       4.
  100.         110.4492       2.        ]]
[[  0.           0.           0.           0.           0.
    0.         100.          89.47786667   1.           0.
    0.           0.           0.           0.           0.
    0.           0.           0.           0.           0.
    0.         100.         419.43         4.           0.
    0.           0.          99.97517995 280.74453333   3.
  100.         464.16926667   3.           0.           0.
    0.           0.           0.           0.           0.
    0.           0.         100.         246.0656       4.
  100.         110.4492       2.        ]]
0.16053158714156862
0.5587450349475817
0.0883659897228758
0.3792374656197168
0.32621773769878
0.15662703409294118
0.20137760920588232
0.4567842621469281
0.3976469687411765
0.3976469687411765
0.16053158714156862
0.20545092808117651
0.2900501209270153
0.2602163443119826
[[100.         510.3066       1.           0.           0.
    0.           0.           0.           0.           0.
    0.           0.           0.           0.           0.
    0.           0.           0.         100.         385.8756
    3.         100.         625.64913333   7.         100.
   93.14806667   1.           0.           0.           0.
  100.         110.71433333   1.           0.           0.
    0.           0.           0.           0.           0.
    0.           0.         100.         935.329        5.
  100.         694.85506667   5.        ]]
[[100.         510.3066       1.           0.           0.
    0.           0.           0.           0.           0.
    0.           0.           0.           0.           0.
    0.           0.           0.         100.         385.8756
    3.         100.         625.64913333   7.         100.
   93.14806667   1.           0.           0.           0.
  100.         110.71433333   1.           0.           0.
    0.           0.           0.           0.           0.
    0.           0.         100.         935.329        5.
  100.         694.85506667   5.        ]]
0.13991279946448804
0.09057513946594771
0.3726100147642266
0.2146370402647059
0.1624280353556427
0.15684967000529412
0.15684967000529412
0.44522870789618746
0.5125228179446188
0.13991279946448804
0.3880739861603703
0.3880739861603703
[[  0.           0.           0.           0.           0.
    0.         100.         285.2124       1.           0.
    0.           0.         100.          98.56566667   3.
    0.           0.           0.           0.           0.
    0.         100.         259.17186667   4.           0.
    0.           0.         100.         866.82173333   2.
  100.         574.84106667   4.           0.           0.
    0.           0.           0.           0.           0.
    0.           0.         100.         665.4956       5.
    0.           0.           0.        ]]
[[  0.           0.           0.           0.           0.
    0.         100.         285.2124       1.           0.
    0.           0.         100.          98.56566667   3.
    0.           0.           0.           0.           0.
    0.         100.         259.17186667   4.           0.
    0.           0.         100.         866.82173333   2.
  100.         574.84106667   4.           0.           0.
    0.           0.           0.           0.           0.
    0.           0.         100.         665.4956       5.
    0.           0.           0.        ]]
0.20634989585294117
0.16200435399607843
0.17967751243651411
0.5537603381476253
0.12960343529342047
0.12960343529342047
0.16200435399607843
0.5580652964622439
0.20618731133594775
0.4411502769841613
0.3880739861603703
0.3880739861603703
0.2875639770333552
0.14751117496583876
[[  0.           0.           0.           0.           0.
    0.         100.         510.306        2.         100.
   92.274        3.           0.           0.           0.
    0.           0.           0.           0.           0.
    0.         100.         494.9274       4.           0.
    0.           0.          99.97517995 988.4564       6.
    0.           0.           0.           0.           0.
    0.           0.           0.           0.         100.
   85.31493333   1.         100.           0.           4.
  100.          90.1768       2.        ]]
[[  0.           0.           0.           0.           0.
    0.         100.         510.306        2.         100.
   92.274        3.           0.           0.           0.
    0.           0.           0.           0.           0.
    0.         100.         494.9274       4.           0.
    0.           0.          99.97517995 988.4564       6.
    0.           0.           0.           0.           0.
    0.           0.           0.           0.         100.
   85.31493333   1.         100.           0.           4.
  100.          90.1768       2.        ]]
0.3630369411114815
0.19557660811764704
0.4914509248991503
0.4948496173258388
0.3777646987629412
0.12003045427742917
0.1533121762285403
0.12003045427742917
0.39028313598671016
0.39028313598671016
0.1583224368598039
0.25773020089498916
[[  0.           0.           0.           0.           0.
    0.         100.         504.88846667   4.           0.
    0.           0.           0.           0.           0.
    0.           0.           0.         100.         502.48673333
    4.         100.         419.42966667   4.           0.
    0.           0.           0.           0.           0.
    0.           0.           0.         100.         109.0518
    1.           0.           0.           0.           0.
    0.           0.         100.         620.7564       5.
  100.         527.08373333   2.        ]]
[[  0.           0.           0.           0.           0.
    0.         100.         504.88846667   4.           0.
    0.           0.           0.           0.           0.
    0.           0.           0.         100.         502.48673333
    4.         100.         419.42966667   4.           0.
    0.           0.           0.           0.           0.
    0.           0.           0.         100.         109.0518
    1.           0.           0.           0.           0.
    0.           0.         100.         620.7564       5.
  100.         527.08373333   2.        ]]
0.11193023957159041
0.34094544368076246
0.36892809762228757
0.19226175035294119
0.15165474729633988
0.5125228179446188
0.28839269166457515
0.15979520371431372
0.564862681315621
0.2743044903416122
0.11193023957159041
0.388810369435817
0.20766007784549018
[[0.00000000e+00 0.00000000e+00 0.00000000e+00 0.00000000e+00
  0.00000000e+00 0.00000000e+00 1.00000000e+02 8.94784000e+01
  1.00000000e+00 0.00000000e+00 0.00000000e+00 0.00000000e+00
  0.00000000e+00 0.00000000e+00 0.00000000e+00 0.00000000e+00
  0.00000000e+00 0.00000000e+00 1.00000000e+02 5.66404600e+02
  6.00000000e+00 1.00000000e+02 4.12434000e+01 1.00000000e+00
  0.00000000e+00 0.00000000e+00 0.00000000e+00 1.00000000e+02
  1.85339000e+02 2.00000000e+00 1.00000000e+02 1.28765033e+03
  6.00000000e+00 0.00000000e+00 0.00000000e+00 0.00000000e+00
  0.00000000e+00 0.00000000e+00 0.00000000e+00 0.00000000e+00
  0.00000000e+00 0.00000000e+00 1.00000000e+02 3.34145467e+02
  5.00000000e+00 0.00000000e+00 0.00000000e+00 0.00000000e+00]]
[[0.00000000e+00 0.00000000e+00 0.00000000e+00 0.00000000e+00
  0.00000000e+00 0.00000000e+00 1.00000000e+02 8.94784000e+01
  1.00000000e+00 0.00000000e+00 0.00000000e+00 0.00000000e+00
  0.00000000e+00 0.00000000e+00 0.00000000e+00 0.00000000e+00
  0.00000000e+00 0.00000000e+00 1.00000000e+02 5.66404600e+02
  6.00000000e+00 1.00000000e+02 4.12434000e+01 1.00000000e+00
  0.00000000e+00 0.00000000e+00 0.00000000e+00 1.00000000e+02
  1.85339000e+02 2.00000000e+00 1.00000000e+02 1.28765033e+03
  6.00000000e+00 0.00000000e+00 0.00000000e+00 0.00000000e+00
  0.00000000e+00 0.00000000e+00 0.00000000e+00 0.00000000e+00
  0.00000000e+00 0.00000000e+00 1.00000000e+02 3.34145467e+02
  5.00000000e+00 0.00000000e+00 0.00000000e+00 0.00000000e+00]]
0.5272504053464923
0.09867534278021788
0.15684967000529412
0.1524834617624401
0.3623006467667973
0.15684967000529412
0.206923694590719
0.18977560702941176
0.48601301701644883
0.09867534278021788
0.39028313598671016
0.39028313598671016
0.2751332048139434
[[  0.           0.           0.           0.           0.
    0.          99.97517995 534.7732       4.           0.
    0.           0.           0.           0.           0.
    0.           0.           0.         100.         363.5058
    1.         100.          44.03993333   1.           0.
    0.           0.         100.         722.29266667   6.
    0.           0.           0.           0.           0.
    0.           0.           0.           0.         100.
   99.6428       1.         100.         307.582        5.
  100.         510.30653333   2.        ]]
[[  0.           0.           0.           0.           0.
    0.          99.97517995 534.7732       4.           0.
    0.           0.           0.           0.           0.
    0.           0.           0.         100.         363.5058
    1.         100.          44.03993333   1.           0.
    0.           0.         100.         722.29266667   6.
    0.           0.           0.           0.           0.
    0.           0.           0.           0.         100.
   99.6428       1.         100.         307.582        5.
  100.         510.30653333   2.        ]]
0.20469246697058827
0.08542044598884532
0.16126797056882353
0.2989715985623965
0.36598256390873635
0.15414089069464054
0.267674774562963
0.3910195192621569
0.08542044598884532
0.3910195192621569
0.16126797056882353
0.20176901180732026
[[0.00000000e+00 0.00000000e+00 0.00000000e+00 0.00000000e+00
  0.00000000e+00 0.00000000e+00 1.00000000e+02 1.02463240e+03
  3.00000000e+00 0.00000000e+00 0.00000000e+00 0.00000000e+00
  0.00000000e+00 0.00000000e+00 0.00000000e+00 0.00000000e+00
  0.00000000e+00 0.00000000e+00 1.00000000e+02 5.65531333e+02
  5.00000000e+00 1.00000000e+02 4.40398000e+01 1.00000000e+00
  0.00000000e+00 0.00000000e+00 0.00000000e+00 0.00000000e+00
  0.00000000e+00 0.00000000e+00 1.00000000e+02 5.45258933e+02
  2.00000000e+00 0.00000000e+00 0.00000000e+00 0.00000000e+00
  0.00000000e+00 0.00000000e+00 0.00000000e+00 1.00000000e+02
  1.34217600e+02 2.00000000e+00 1.00000000e+02 1.16042320e+03
  6.00000000e+00 0.00000000e+00 0.00000000e+00 0.00000000e+00]]
[[0.00000000e+00 0.00000000e+00 0.00000000e+00 0.00000000e+00
  0.00000000e+00 0.00000000e+00 1.00000000e+02 1.02463240e+03
  3.00000000e+00 0.00000000e+00 0.00000000e+00 0.00000000e+00
  0.00000000e+00 0.00000000e+00 0.00000000e+00 0.00000000e+00
  0.00000000e+00 0.00000000e+00 1.00000000e+02 5.65531333e+02
  5.00000000e+00 1.00000000e+02 4.40398000e+01 1.00000000e+00
  0.00000000e+00 0.00000000e+00 0.00000000e+00 0.00000000e+00
  0.00000000e+00 0.00000000e+00 1.00000000e+02 5.45258933e+02
  2.00000000e+00 0.00000000e+00 0.00000000e+00 0.00000000e+00
  0.00000000e+00 0.00000000e+00 0.00000000e+00 1.00000000e+02
  1.34217600e+02 2.00000000e+00 1.00000000e+02 1.16042320e+03
  6.00000000e+00 0.00000000e+00 0.00000000e+00 0.00000000e+00]]
0.07732023128300654
0.1583224368598039
0.3519911923961219
0.36082787991002174
0.2138083258235294
0.07732023128300654
0.388810369435817
0.388810369435817
0.1583224368598039
0.20029624529777776
0.47649667822172115
0.388810369435817
0.26601734561830065
0.1491686038980392
[[  0.           0.           0.           0.           0.
    0.           0.           0.           0.         100.
  750.77993333   2.           0.           0.           0.
    0.           0.           0.         100.         535.4718
    6.         100.         343.9326       3.           0.
    0.           0.         100.         996.84513333   5.
    0.           0.           0.           0.           0.
    0.           0.           0.           0.         100.
   98.34026667   1.         100.         717.225        4.
  100.          41.943        1.        ]]
[[  0.           0.           0.           0.           0.
    0.           0.           0.           0.         100.
  750.77993333   2.           0.           0.           0.
    0.           0.           0.         100.         535.4718
    6.         100.         343.9326       3.           0.
    0.           0.         100.         996.84513333   5.
    0.           0.           0.           0.           0.
    0.           0.           0.           0.         100.
   98.34026667   1.         100.         717.225        4.
  100.          41.943        1.        ]]
0.10972109010636165
0.516601248856645
0.15979520371431372
0.15979520371431372
0.2989715985623965
0.352727662197756
0.2038637525294117
0.10972109010636165
0.388810369435817
0.388810369435817
[[0.00000000e+00 0.00000000e+00 0.00000000e+00 0.00000000e+00
  0.00000000e+00 0.00000000e+00 0.00000000e+00 0.00000000e+00
  0.00000000e+00 1.00000000e+02 4.08245200e+02 1.00000000e+00
  0.00000000e+00 0.00000000e+00 0.00000000e+00 0.00000000e+00
  0.00000000e+00 0.00000000e+00 9.99751799e+01 1.18560233e+03
  3.00000000e+00 1.00000000e+02 4.08244400e+02 6.00000000e+00
  0.00000000e+00 0.00000000e+00 0.00000000e+00 0.00000000e+00
  0.00000000e+00 0.00000000e+00 0.00000000e+00 0.00000000e+00
  0.00000000e+00 0.00000000e+00 0.00000000e+00 0.00000000e+00
  0.00000000e+00 0.00000000e+00 0.00000000e+00 0.00000000e+00
  0.00000000e+00 0.00000000e+00 1.00000000e+02 5.20093200e+02
  5.00000000e+00 0.00000000e+00 0.00000000e+00 0.00000000e+00]]
[[0.00000000e+00 0.00000000e+00 0.00000000e+00 0.00000000e+00
  0.00000000e+00 0.00000000e+00 0.00000000e+00 0.00000000e+00
  0.00000000e+00 1.00000000e+02 4.08245200e+02 1.00000000e+00
  0.00000000e+00 0.00000000e+00 0.00000000e+00 0.00000000e+00
  0.00000000e+00 0.00000000e+00 9.99751799e+01 1.18560233e+03
  3.00000000e+00 1.00000000e+02 4.08244400e+02 6.00000000e+00
  0.00000000e+00 0.00000000e+00 0.00000000e+00 0.00000000e+00
  0.00000000e+00 0.00000000e+00 0.00000000e+00 0.00000000e+00
  0.00000000e+00 0.00000000e+00 0.00000000e+00 0.00000000e+00
  0.00000000e+00 0.00000000e+00 0.00000000e+00 0.00000000e+00
  0.00000000e+00 0.00000000e+00 1.00000000e+02 5.20093200e+02
  5.00000000e+00 0.00000000e+00 0.00000000e+00 0.00000000e+00]]
0.430047816651329
0.35051851191259253
0.2138083258235294
0.05891065240610023
0.14751117496583876
0.3910195192621569
0.4948496173258388
0.3910195192621569
0.15611328657803922
0.2908788355582353
0.05891065240610023
0.3910195192621569
0.20766007784549018
0.2651886311459695
[[  0.           0.           0.           0.           0.
    0.         100.         649.0672       6.         100.
  167.772        1.           0.           0.           0.
    0.           0.           0.           0.           0.
    0.         100.          90.1774       3.           0.
    0.           0.         100.         100.29406667   1.
    0.           0.           0.           0.           0.
    0.           0.           0.           0.         100.
  666.19466667   4.         100.         763.36226667   7.
    0.           0.           0.        ]]
[[  0.           0.           0.           0.           0.
    0.         100.         649.0672       6.         100.
  167.772        1.           0.           0.           0.
    0.           0.           0.           0.           0.
    0.         100.          90.1774       3.           0.
    0.           0.         100.         100.29406667   1.
    0.           0.           0.           0.           0.
    0.           0.           0.           0.         100.
  666.19466667   4.         100.         763.36226667   7.
    0.           0.           0.        ]]
0.16200435399607843
0.2555249869486492
0.3475729781990413
0.05596511978579521
0.14999731836413946
0.20469246697058827
0.05596511978579521
0.5342744494754249
0.4948496173258388
0.3895467527112636
0.3895467527112636
0.16200435399607843
0.21060561086457516
[[100.         503.31613333   1.           0.           0.
    0.           0.           0.           0.           0.
    0.           0.           0.           0.           0.
    0.           0.           0.           0.           0.
    0.         100.         614.4646       7.         100.
   94.02166667   1.           0.           0.           0.
  100.         598.3868       4.           0.           0.
    0.           0.           0.           0.         100.
  161.4282       3.         100.         722.81753333   5.
    0.           0.           0.        ]]
[[100.         503.31613333   1.           0.           0.
    0.           0.           0.           0.           0.
    0.           0.           0.           0.           0.
    0.           0.           0.           0.           0.
    0.         100.         614.4646       7.         100.
   94.02166667   1.           0.           0.           0.
  100.         598.3868       4.           0.           0.
    0.           0.           0.           0.         100.
  161.4282       3.         100.         722.81753333   5.
    0.           0.           0.        ]]
0.5981698670971679
0.2893986163424183
0.34462744448549015
0.0544923534756427
0.14751117496583876
0.39249228581305
0.20469246697058827
0.20618731133594775
0.17525925568666664
0.0544923534756427
0.39249228581305
0.17525925568666664
0.2908788355582353
[[100.         413.8376       3.           0.           0.
    0.         100.         311.7758       5.           0.
    0.           0.           0.           0.           0.
    0.           0.           0.           0.           0.
    0.         100.         250.95853333   4.         100.
  102.2356       1.         100.         619.35806667   3.
    0.           0.           0.           0.           0.
    0.           0.           0.           0.           0.
    0.           0.         100.         706.7392       5.
    0.           0.           0.        ]]
[[100.         413.8376       3.           0.           0.
    0.         100.         311.7758       5.           0.
    0.           0.           0.           0.           0.
    0.           0.           0.           0.           0.
    0.         100.         250.95853333   4.         100.
  102.2356       1.         100.         619.35806667   3.
    0.           0.           0.           0.           0.
    0.           0.           0.           0.           0.
    0.           0.         100.         706.7392       5.
    0.           0.           0.        ]]
0.05522873663071896
0.23196072302254905
0.33652722677322433
0.2138083258235294
0.16347712085058821
0.14999731836413946
0.5458300037261655
0.3976469687411765
0.05522873663071896
0.3976469687411765
0.16347712085058821
0.2900501209270153
0.20766007784549018
[[  0.           0.           0.         100.          58.7202
    1.         100.         808.79973333   7.           0.
    0.           0.           0.           0.           0.
    0.           0.           0.           0.           0.
    0.         100.          50.3314       1.           0.
    0.           0.           0.           0.           0.
  100.         464.1692       3.           0.           0.
    0.           0.           0.           0.         100.
   78.2936       2.          99.97517995 608.1732       5.
  100.          72.70093333   2.        ]]
[[  0.           0.           0.         100.          58.7202
    1.         100.         808.79973333   7.           0.
    0.           0.           0.           0.           0.
    0.           0.           0.           0.           0.
    0.         100.          50.3314       1.           0.
    0.           0.           0.           0.           0.
  100.         464.1692       3.           0.           0.
    0.           0.           0.           0.         100.
   78.2936       2.          99.97517995 608.1732       5.
  100.          72.70093333   2.        ]]
0.1583224368598039
0.0883659897228758
0.05596511978579521
0.05596511978579521
0.15165474729633988
0.3910195192621569
0.22292418467647054
0.32032679134869274
0.1583224368598039
0.206923694590719
0.6185620216572986
0.2627024877289761
0.47377772428037046
0.3910195192621569
0.3910195192621569
0.28922140629579524
[[  0.           0.           0.           0.           0.
    0.           0.           0.           0.           0.
    0.           0.         100.         580.21166667   1.
    0.           0.           0.         100.          83.8854
    3.         100.         126.5278       5.         100.
   99.09         1.         100.         756.37186667   5.
  100.         991.25313333   5.           0.           0.
    0.           0.           0.           0.         100.
  100.94533333   3.         100.          72.00186667   3.
    0.           0.           0.        ]]
[[  0.           0.           0.           0.           0.
    0.           0.           0.           0.           0.
    0.           0.         100.         580.21166667   1.
    0.           0.           0.         100.          83.8854
    3.         100.         126.5278       5.         100.
   99.09         1.         100.         756.37186667   5.
  100.         991.25313333   5.           0.           0.
    0.           0.           0.           0.         100.
  100.94533333   3.         100.          72.00186667   3.
    0.           0.           0.        ]]
0.05964704306294118
0.06038341871625271
0.16200435399607843
0.21049346805882355
0.06038341871625271
0.388810369435817
0.3240087084906318
0.503006479149891
0.16200435399607843
0.1491686038980392
0.27016091797995645
[[  0.           0.           0.           0.           0.
    0.         100.         666.8934       5.           0.
    0.           0.           0.           0.           0.
  100.         104.33266667   1.           0.           0.
    0.         100.         103.4594       3.           0.
    0.           0.         100.         692.4552       4.
    0.           0.           0.           0.           0.
    0.           0.           0.           0.           0.
    0.           0.           0.           0.           0.
   99.97517995 517.99573333   3.        ]]
[[  0.           0.           0.           0.           0.
    0.         100.         666.8934       5.           0.
    0.           0.           0.           0.           0.
  100.         104.33266667   1.           0.           0.
    0.         100.         103.4594       3.           0.
    0.           0.         100.         692.4552       4.
    0.           0.           0.           0.           0.
    0.           0.           0.           0.           0.
    0.           0.           0.           0.           0.
   99.97517995 517.99573333   3.        ]]
0.5913724822437908
0.0648017257967756
0.19972018032352942
0.1583224368598039
0.4717385088243574
0.3107538067796514
0.057437886095947716
0.057437886095947716
0.15082603283023965
0.3910195192621569
0.2618737732566449
0.3910195192621569
0.3910195192621569
0.1583224368598039
[[100.         397.0604       3.           0.           0.
    0.         100.         670.03853333   5.           0.
    0.           0.           0.           0.           0.
    0.           0.           0.         100.          97.03773333
    1.         100.         399.8564       7.           0.
    0.           0.           0.           0.           0.
  100.         479.54826667   2.           0.           0.
    0.           0.           0.           0.           0.
    0.           0.         100.         725.61373333   5.
    0.           0.           0.        ]]
[[100.         397.0604       3.           0.           0.
    0.         100.         670.03853333   5.           0.
    0.           0.           0.           0.           0.
    0.           0.           0.         100.          97.03773333
    1.         100.         399.8564       7.           0.
    0.           0.           0.           0.           0.
  100.         479.54826667   2.           0.           0.
    0.           0.           0.           0.           0.
    0.           0.         100.         725.61373333   5.
    0.           0.           0.        ]]
0.3880739861603703
0.13033983484124184
0.16053158714156862
0.06038341871625271
0.14668246049973854
0.3880739861603703
0.29528975478350755
0.20618731133594775
0.19226175035294119
0.28839269166457515
0.16053158714156862
0.5199999412833334
0.47785615519239655
0.06038341871625271
0.3880739861603703
0.27016091797995645
[[  0.           0.           0.           0.           0.
    0.         100.         134.2176       2.           0.
    0.           0.         100.         452.98393333   4.
    0.           0.           0.         100.          47.5354
    1.         100.         163.5774       3.           0.
    0.           0.         100.         361.23293333   6.
  100.         858.43333333   4.           0.           0.
    0.           0.           0.           0.         100.
   89.22253333   1.         100.         715.8274       5.
    0.           0.           0.        ]]
[[  0.           0.           0.           0.           0.
    0.         100.         134.2176       2.           0.
    0.           0.         100.         452.98393333   4.
    0.           0.           0.         100.          47.5354
    1.         100.         163.5774       3.           0.
    0.           0.         100.         361.23293333   6.
  100.         858.43333333   4.           0.           0.
    0.           0.           0.           0.         100.
   89.22253333   1.         100.         715.8274       5.
    0.           0.           0.        ]]
0.1583224368598039
0.1906043214705882
0.06038341871625271
0.29676244881932456
0.28129846964413935
0.3910195192621569
0.4717385088243574
0.06038341871625271
0.3910195192621569
0.3910195192621569
0.1491686038980392
[[  0.           0.           0.           0.           0.
    0.         100.         419.43         1.           0.
    0.           0.           0.           0.           0.
    0.           0.           0.         100.         160.43146667
    2.         100.         257.25         7.           0.
    0.           0.         100.         105.5042       1.
    0.           0.           0.           0.           0.
    0.           0.           0.           0.           0.
    0.           0.         100.          61.5164       5.
  100.          27.2626       1.        ]]
[[  0.           0.           0.           0.           0.
    0.         100.         419.43         1.           0.
    0.           0.           0.           0.           0.
    0.           0.           0.         100.         160.43146667
    2.         100.         257.25         7.           0.
    0.           0.         100.         105.5042       1.
    0.           0.           0.           0.           0.
    0.           0.           0.           0.           0.
    0.           0.         100.          61.5164       5.
  100.          27.2626       1.        ]]
0.05670150294087147
0.3777646060652941
0.27025271821832236
0.19972018032352942
0.05670150294087147
0.1524834617624401
0.3858648363340305
0.3858648363340305
0.5077646485472549
0.3858648363340305
0.1627407374233333
0.20766007784549018
0.2900501209270153
0.2627024877289761
[[  0.           0.           0.         100.          92.2746
    1.           0.           0.           0.           0.
    0.           0.           0.           0.           0.
    0.           0.           0.         100.         441.10006667
    6.         100.         134.2172       4.           0.
    0.           0.         100.           0.           2.
  100.         419.43         3.           0.           0.
    0.           0.           0.           0.         100.
    0.           2.         100.         638.23266667   4.
  100.         455.7804       2.        ]]
[[  0.           0.           0.         100.          92.2746
    1.           0.           0.           0.           0.
    0.           0.           0.           0.           0.
    0.           0.           0.         100.         441.10006667
    6.         100.         134.2172       4.           0.
    0.           0.         100.           0.           2.
  100.         419.43         3.           0.           0.
    0.           0.           0.           0.         100.
    0.           2.         100.         638.23266667   4.
  100.         455.7804       2.        ]]
0.20717861029411766
0.5621437273742702
0.3645097076068627
0.25920696679250543
0.058174269251023966
0.148339889431939
0.206923694590719
0.29419369408311546
0.15684967000529412
0.2635312022013072
0.058174269251023966
0.4214378609093682
0.3947014356393899
0.15684967000529412
0.3947014356393899
[[  0.           0.           0.           0.           0.
    0.         100.          97.34206667   1.           0.
    0.           0.           0.           0.           0.
    0.           0.           0.         100.         377.487
    3.         100.         710.2342       7.           0.
    0.           0.         100.         685.06873333   4.
  100.         496.32526667   2.         100.          69.905
    1.           0.           0.           0.         100.
  614.63926667   4.         100.           0.           2.
    0.           0.           0.        ]]
[[  0.           0.           0.           0.           0.
    0.         100.          97.34206667   1.           0.
    0.           0.           0.           0.           0.
    0.           0.           0.         100.         377.487
    3.         100.         710.2342       7.           0.
    0.           0.         100.         685.06873333   4.
  100.         496.32526667   2.         100.          69.905
    1.           0.           0.           0.         100.
  614.63926667   4.         100.           0.           2.
    0.           0.           0.        ]]
0.33562934867647054
0.15905882028705884
0.05522873663071896
0.2643615859209368
0.24153376451119823
0.05522873663071896
0.14999731836413946
0.5064051715765796
0.46465784680681915
0.15905882028705884
0.46465784680681915
0.20766007784549018
0.37955122832766897
[[  0.           0.           0.           0.           0.
    0.         100.         108.17753333   1.           0.
    0.           0.           0.           0.           0.
    0.           0.           0.         100.         538.2686
    2.          99.97517995 543.16133333   7.         100.
  168.81866667   3.         100.         440.4016       1.
    0.           0.           0.           0.           0.
    0.           0.           0.           0.           0.
    0.           0.         100.          78.2936       2.
  100.         543.86053333   4.        ]]
[[  0.           0.           0.           0.           0.
    0.         100.         108.17753333   1.           0.
    0.           0.           0.           0.           0.
    0.           0.           0.         100.         538.2686
    2.          99.97517995 543.16133333   7.         100.
  168.81866667   3.         100.         440.4016       1.
    0.           0.           0.           0.           0.
    0.           0.           0.           0.           0.
    0.           0.         100.          78.2936       2.
  100.         543.86053333   4.        ]]
0.6372814052647059
0.24447929822474945
0.05596511978579521
0.2496339209671242
0.3895467527112636
0.15758605343254906
0.8523920606134641
0.14751117496583876
0.05596511978579521
0.3895467527112636
0.3895467527112636
0.15758605343254906
[[  0.           0.           0.           0.           0.
    0.         100.         203.5982       1.           0.
    0.           0.           0.           0.           0.
    0.           0.           0.         100.         248.8618
    3.         100.         272.629        5.           0.
    0.           0.         100.         426.42053333   1.
  100.         218.17293333   1.         100.          33.5542
    1.           0.           0.           0.           0.
    0.           0.         100.         848.64673333   6.
    0.           0.           0.        ]]
[[  0.           0.           0.           0.           0.
    0.         100.         203.5982       1.           0.
    0.           0.           0.           0.           0.
    0.           0.           0.         100.         248.8618
    3.         100.         272.629        5.           0.
    0.           0.         100.         426.42053333   1.
  100.         218.17293333   1.         100.          33.5542
    1.           0.           0.           0.           0.
    0.           0.         100.         848.64673333   6.
    0.           0.           0.        ]]
0.2577341366917212
0.24006099765442265
0.05522873663071896
0.148339889431939
0.3851284530585839
0.1914330359117647
0.16053158714156862
0.2908788355582353
0.16053158714156862
0.5750587585956862
0.3124253560688454
0.05522873663071896
0.3851284530585839
0.3851284530585839
0.20986922760980392
[[  0.           0.           0.           0.           0.
    0.         100.         246.0652       5.         100.
   92.2746       1.           0.           0.           0.
    0.           0.           0.           0.           0.
    0.         100.         216.7052       3.         100.
  146.97473333   1.         100.         897.5796       3.
  100.         928.33806667   5.           0.           0.
    0.           0.           0.           0.           0.
    0.           0.         100.         427.8186       5.
  100.          90.87626667   2.        ]]
[[  0.           0.           0.           0.           0.
    0.         100.         246.0652       5.         100.
   92.2746       1.           0.           0.           0.
    0.           0.           0.           0.           0.
    0.         100.         216.7052       3.         100.
  146.97473333   1.         100.         897.5796       3.
  100.         928.33806667   5.           0.           0.
    0.           0.           0.           0.           0.
    0.           0.         100.         427.8186       5.
  100.          90.87626667   2.        ]]
0.15758605343254906
0.0972025886951634
0.22901524622860564
0.057437886095947716
0.19806275739795207
0.388810369435817
0.15758605343254906
0.18480332038235298
0.5138822949152941
0.20618731133594775
0.388810369435817
0.388810369435817
0.057437886095947716
0.2734757758692811
[[  0.           0.           0.           0.           0.
    0.         100.         559.24026667   1.         100.
   84.5848       3.           0.           0.           0.
    0.           0.           0.           0.           0.
    0.         100.         290.10533333   6.         100.
  656.23293333   2.         100.         457.17846667   5.
    0.           0.           0.           0.           0.
    0.           0.           0.           0.           0.
    0.           0.         100.         111.848        4.
  100.         557.84186667   3.        ]]
[[  0.           0.           0.           0.           0.
    0.         100.         559.24026667   1.         100.
   84.5848       3.           0.           0.           0.
    0.           0.           0.           0.           0.
    0.         100.         290.10533333   6.         100.
  656.23293333   2.         100.         457.17846667   5.
    0.           0.           0.           0.           0.
    0.           0.           0.           0.           0.
    0.           0.         100.         111.848        4.
  100.         557.84186667   3.        ]]
0.16053158714156862
0.2091328423441394
0.0544923534756427
0.22606971251505445
0.31325405876470586
0.2726470593469717
0.5699606551956863
0.454964245309804
0.5699606551956863
0.0544923534756427
0.16053158714156862
0.206923694590719
0.2900501209270153
[[100.         468.36366667   1.           0.           0.
    0.         100.         146.80006667   3.           0.
    0.           0.           0.           0.           0.
    0.           0.           0.         100.          75.4974
    1.         100.         229.98666667   4.           0.
    0.           0.         100.         380.2832       2.
  100.         500.51973333   2.           0.           0.
    0.           0.           0.           0.         100.
  380.2832       2.         100.         667.59206667   5.
    0.           0.           0.        ]]
[[100.         468.36366667   1.           0.           0.
    0.         100.         146.80006667   3.           0.
    0.           0.           0.           0.           0.
    0.           0.           0.         100.          75.4974
    1.         100.         229.98666667   4.           0.
    0.           0.         100.         380.2832       2.
  100.         500.51973333   2.           0.           0.
    0.           0.           0.           0.         100.
  380.2832       2.         100.         667.59206667   5.
    0.           0.           0.        ]]
0.05522874357679739
0.2618737634117647
0.0530195871654902
0.22091502851633987
0.15684967000529412
0.6756600544256643
0.206923694590719
0.1533121762285403
0.0530195871654902
0.4005925018429629
0.15684967000529412
0.4005925018429629
0.4005925018429629
0.2900501209270153
0.3082817837071896
[[  0.           0.           0.           0.           0.
    0.         100.         302.5132       5.           0.
    0.           0.         100.          81.0898       2.
    0.           0.           0.         100.         566.23073333
    1.           0.           0.           0.         100.
  343.9326       3.           0.           0.           0.
  100.          90.8758       3.         100.         103.4594
    1.           0.           0.           0.          99.97517995
  700.44833333   3.         100.         268.4352       4.
  100.         560.63746667   3.        ]]
[[  0.           0.           0.           0.           0.
    0.         100.         302.5132       5.           0.
    0.           0.         100.          81.0898       2.
    0.           0.           0.         100.         566.23073333
    1.           0.           0.           0.         100.
  343.9326       3.           0.           0.           0.
  100.          90.8758       3.         100.         103.4594
    1.           0.           0.           0.          99.97517995
  700.44833333   3.         100.         268.4352       4.
  100.         560.63746667   3.        ]]
0.05522874357679739
0.3873376028849236
0.16200435399607843
0.05228320401041395
0.1441963171014379
0.20303503808823528
0.16200435399607843
0.22165141194472765
0.5845750973904139
0.05228320401041395
0.3873376028849236
0.2552440574779957
0.20471454482640522
0.28839269166457515
[[  0.           0.           0.           0.           0.
    0.           0.           0.           0.           0.
    0.           0.         100.         194.33553333   5.
  100.         419.43013333   1.         100.          67.1088
    1.         100.          34.95233333   1.           0.
    0.           0.         100.         493.3542       2.
  100.         531.278        5.           0.           0.
    0.           0.           0.           0.           0.
    0.           0.         100.         644.52393333   5.
  100.         149.59593333   3.        ]]
[[  0.           0.           0.           0.           0.
    0.           0.           0.           0.           0.
    0.           0.         100.         194.33553333   5.
  100.         419.43013333   1.         100.          67.1088
    1.         100.          34.95233333   1.           0.
    0.           0.         100.         493.3542       2.
  100.         531.278        5.           0.           0.
    0.           0.           0.           0.           0.
    0.           0.         100.         644.52393333   5.
  100.         149.59593333   3.        ]]
0.15611328657803922
0.2157603445176252
0.15611328657803922
0.39028313598671016
0.39028313598671016
0.06332895930139433
0.05228320401041395
0.5519476500942049
0.2303826146470588
0.1524834617624401
0.05228320401041395
0.20766007784549018
0.28922140629579524
0.2651886311459695
0.39028313598671016
[[  0.           0.           0.           0.           0.
    0.           0.           0.           0.         100.
  496.3256       1.         100.         100.6632       2.
  100.         496.3256       1.         100.         100.6632
    2.           0.           0.           0.         100.
  100.6632       2.         100.          45.43793333   3.
   99.97517995 720.19566667   6.         100.          97.867
    1.           0.           0.           0.         100.
   65.7104       2.           0.           0.           0.
  100.         687.86453333   5.        ]]
[[  0.           0.           0.           0.           0.
    0.           0.           0.           0.         100.
  496.3256       1.         100.         100.6632       2.
  100.         496.3256       1.         100.         100.6632
    2.           0.           0.           0.         100.
  100.6632       2.         100.          45.43793333   3.
   99.97517995 720.19566667   6.         100.          97.867
    1.           0.           0.           0.         100.
   65.7104       2.           0.           0.           0.
  100.         687.86453333   5.        ]]
0.15979520371431372
0.21207842737568627
0.5696208507129848
0.28922140629579524
0.07216555827368193
0.20303503808823528
0.051546820855337704
0.14751117496583876
0.15979520371431372
0.2569014864226579
0.39322866908849674
0.39322866908849674
0.20545092808117651
0.39322866908849674
0.051546820855337704
[[  0.           0.           0.           0.           0.
    0.         100.         573.22113333   1.         100.
  125.829        2.         100.         315.9706       3.
  100.         104.85726667   1.         100.          28.66066667
    3.         100.         181.92706667   3.           0.
    0.           0.         100.         573.22113333   1.
  100.         455.78053333   2.         100.         134.2176
    2.         100.         222.2978       4.         100.
  134.2176       2.           0.           0.           0.
  100.          72.7012       1.        ]]
[[  0.           0.           0.           0.           0.
    0.         100.         573.22113333   1.         100.
  125.829        2.         100.         315.9706       3.
  100.         104.85726667   1.         100.          28.66066667
    3.         100.         181.92706667   3.           0.
    0.           0.         100.         573.22113333   1.
  100.         455.78053333   2.         100.         134.2176
    2.         100.         222.2978       4.         100.
  134.2176       2.           0.           0.           0.
  100.          72.7012       1.        ]]
0.11193025364897602
0.1583224368598039
0.1583224368598039
0.21281481080407402
0.18646074926470588
0.05522873663071896
0.48159466214209146
0.48159466214209146
0.05522873663071896
0.28922140629579524
0.20766007784549018
0.568941112227647
0.26933220350762527
0.48159466214209146
0.14585374603363835
[[  0.           0.           0.         100.         917.85246667
    5.           0.           0.           0.         100.
   83.886        2.           0.           0.           0.
    0.           0.           0.           0.           0.
    0.         100.         126.52766667   2.           0.
    0.           0.         100.         335.544        4.
  100.          53.1278       1.         100.          78.99226667
    1.         100.          85.284        2.         100.
  419.43         3.         100.         638.9316       4.
  100.          41.24366667   1.        ]]
[[  0.           0.           0.         100.         917.85246667
    5.           0.           0.           0.         100.
   83.886        2.           0.           0.           0.
    0.           0.           0.           0.           0.
    0.         100.         126.52766667   2.           0.
    0.           0.         100.         335.544        4.
  100.          53.1278       1.         100.          78.99226667
    1.         100.          85.284        2.         100.
  419.43         3.         100.         638.9316       4.
  100.          41.24366667   1.        ]]
0.21060566051891064
0.1627407374233333
0.05228320401041395
0.28839269166457515
0.0648017257967756
0.1524834617624401
0.1627407374233333
0.6104051598332462
0.1947478936764706
0.3873376028849236
0.3873376028849236
0.3873376028849236
0.20545092808117651
0.05228320401041395
0.2635312022013072
[[100.          72.7012       2.           0.           0.
    0.         100.         391.46793333   1.         100.
   55.924        1.         100.          67.1084       1.
    0.           0.           0.         100.          39.84566667
    3.         100.          46.836        1.           0.
    0.           0.         100.         391.46793333   1.
  100.         478.849        4.         100.          44.7392
    2.           0.           0.           0.         100.
  152.3928       6.         100.          55.924        1.
  100.         504.71386667   2.        ]]
[[100.          72.7012       2.           0.           0.
    0.         100.         391.46793333   1.         100.
   55.924        1.         100.          67.1084       1.
    0.           0.           0.         100.          39.84566667
    3.         100.          46.836        1.           0.
    0.           0.         100.         391.46793333   1.
  100.         478.849        4.         100.          44.7392
    2.           0.           0.           0.         100.
  152.3928       6.         100.          55.924        1.
  100.         504.71386667   2.        ]]
0.058910659815250545
0.15758605343254906
0.3895467527112636
0.21649672794601307
0.270989001068061
0.3895467527112636
0.20552118141176468
0.15758605343254906
0.5567058194915686
0.20839646110026147
0.3895467527112636
0.270989001068061
0.285906547770915
0.14751117496583876
0.2593876298396514
[[  0.           0.           0.         100.          38.44746667
    3.           0.           0.           0.           0.
    0.           0.           0.           0.           0.
  100.         538.26873333   1.         100.         134.2176
    2.          99.97517995 260.0466       3.         100.
  134.2176       2.         100.         610.96946667   2.
  100.         399.8566       3.           0.           0.
    0.           0.           0.           0.           0.
    0.           0.         100.         223.6956       4.
  100.         731.9044       5.        ]]
[[  0.           0.           0.         100.          38.44746667
    3.           0.           0.           0.           0.
    0.           0.           0.           0.           0.
  100.         538.26873333   1.         100.         134.2176
    2.          99.97517995 260.0466       3.         100.
  134.2176       2.         100.         610.96946667   2.
  100.         399.8566       3.           0.           0.
    0.           0.           0.           0.           0.
    0.           0.         100.         223.6956       4.
  100.         731.9044       5.        ]]
0.39249228581305
0.16126797056882353
0.18397460594117646
0.16126797056882353
0.5709803276836601
0.11193023957159041
0.14999731836413946
0.20471459309180823
0.06995640853061003
0.26435991667363834
0.39249228581305
0.2875639770333552
0.39249228581305
0.11193023957159041
0.20471454482640522
[[0.00000000e+00 0.00000000e+00 0.00000000e+00 1.00000000e+02
  3.46728800e+02 2.00000000e+00 0.00000000e+00 0.00000000e+00
  0.00000000e+00 1.00000000e+02 6.15164200e+02 1.00000000e+00
  1.00000000e+02 7.95162667e+01 1.00000000e+00 1.00000000e+02
  1.13525740e+03 4.00000000e+00 1.00000000e+02 3.01989600e+02
  1.00000000e+00 1.00000000e+02 4.68360000e+01 1.00000000e+00
  0.00000000e+00 0.00000000e+00 0.00000000e+00 1.00000000e+02
  7.54974000e+01 2.00000000e+00 1.00000000e+02 4.33408667e+01
  3.00000000e+00 1.00000000e+02 4.76751600e+02 2.00000000e+00
  1.00000000e+02 4.18730467e+02 3.00000000e+00 0.00000000e+00
  0.00000000e+00 0.00000000e+00 1.00000000e+02 3.46728800e+02
  2.00000000e+00 1.00000000e+02 4.01254400e+02 3.00000000e+00]]
[[0.00000000e+00 0.00000000e+00 0.00000000e+00 1.00000000e+02
  3.46728800e+02 2.00000000e+00 0.00000000e+00 0.00000000e+00
  0.00000000e+00 1.00000000e+02 6.15164200e+02 1.00000000e+00
  1.00000000e+02 7.95162667e+01 1.00000000e+00 1.00000000e+02
  1.13525740e+03 4.00000000e+00 1.00000000e+02 3.01989600e+02
  1.00000000e+00 1.00000000e+02 4.68360000e+01 1.00000000e+00
  0.00000000e+00 0.00000000e+00 0.00000000e+00 1.00000000e+02
  7.54974000e+01 2.00000000e+00 1.00000000e+02 4.33408667e+01
  3.00000000e+00 1.00000000e+02 4.76751600e+02 2.00000000e+00
  1.00000000e+02 4.18730467e+02 3.00000000e+00 0.00000000e+00
  0.00000000e+00 0.00000000e+00 1.00000000e+02 3.46728800e+02
  2.00000000e+00 1.00000000e+02 4.01254400e+02 3.00000000e+00]]
0.3880739861603703
0.1889468925882353
0.10162087540052288
0.08026577399827886
0.15758605343254906
0.2054509765201961
0.3880739861603703
0.15758605343254906
0.5934116976998038
0.28922140629579524
0.3880739861603703
0.10162087540052288
0.22606965921477126
0.148339889431939
0.2668460600906318
[[100.         209.01566667   3.         100.         114.6442
    1.           0.           0.           0.           0.
    0.           0.         100.         664.7962       4.
    0.           0.           0.         100.          95.0708
    2.           0.           0.           0.         100.
  749.38166667   3.         100.         329.9516       3.
    0.           0.           0.           0.           0.
    0.           0.           0.           0.           0.
    0.           0.         100.         216.006        3.
  100.         938.12386667   6.        ]]
[[100.         209.01566667   3.         100.         114.6442
    1.           0.           0.           0.           0.
    0.           0.         100.         664.7962       4.
    0.           0.           0.         100.          95.0708
    2.           0.           0.           0.         100.
  749.38166667   3.         100.         329.9516       3.
    0.           0.           0.           0.           0.
    0.           0.           0.           0.           0.
    0.           0.         100.         216.006        3.
  100.         938.12386667   6.        ]]
0.1856320348235294
0.19808714223631807
0.09057513946594771
0.09646619331498912
0.1627407374233333
0.49552935581117646
0.3858648363340305
0.14999731836413946
0.3858648363340305
0.1627407374233333
0.09646619331498912
0.2535866285333333
0.2091328443550327
0.3858648363340305
0.28922140629579524
[[100.          66.4096       1.           0.           0.
    0.         100.          67.1088       2.         100.
  638.93166667   5.           0.           0.           0.
    0.           0.           0.         100.         550.8514
    5.         100.          53.12746667   1.           0.
    0.           0.         100.         678.07873333   3.
  100.         581.60953333   3.           0.           0.
    0.           0.           0.           0.         100.
  125.8288       2.         100.         167.772        2.
  100.         102.75993333   1.        ]]
[[100.          66.4096       1.           0.           0.
    0.         100.          67.1088       2.         100.
  638.93166667   5.           0.           0.           0.
    0.           0.           0.         100.         550.8514
    5.         100.          53.12746667   1.           0.
    0.           0.         100.         678.07873333   3.
  100.         581.60953333   3.           0.           0.
    0.           0.           0.           0.         100.
  125.8288       2.         100.         167.772        2.
  100.         102.75993333   1.        ]]
0.15905882028705884
0.15905882028705884
0.5818561434490633
0.2835075503608932
0.28922140629579524
0.20471459309180823
0.3910195192621569
0.18646074926470588
0.08910236176422658
0.08910236176422658
0.20839646110026147
0.3910195192621569
0.3157402139581699
0.1491686038980392
[[  0.           0.           0.           0.           0.
    0.         100.         454.38266667   1.           0.
    0.           0.         100.         454.38266667   1.
  100.         380.2832       3.         100.         260.04606667
    4.         100.          86.6822       2.         100.
  164.27633333   3.           0.           0.           0.
    0.           0.           0.         100.         139.81
    2.           0.           0.           0.         100.
   79.6914       2.         100.         571.8226       4.
  100.          67.10826667   1.        ]]
[[  0.           0.           0.           0.           0.
    0.         100.         454.38266667   1.           0.
    0.           0.         100.         454.38266667   1.
  100.         380.2832       3.         100.         260.04606667
    4.         100.          86.6822       2.         100.
  164.27633333   3.           0.           0.           0.
    0.           0.           0.         100.         139.81
    2.           0.           0.           0.         100.
   79.6914       2.         100.         571.8226       4.
  100.          67.10826667   1.        ]]
0.1627407374233333
0.09057512807437909
0.18998692452405228
0.20469246697058827
0.5784574510223747
0.1627407374233333
0.3954378189148366
0.14668246049973854
0.3004443650577777
0.3954378189148366
0.2908788355582353
0.3954378189148366
0.09057512807437909
0.20471454482640522
0.2767906337586057
[[  0.           0.           0.         100.         517.29726667
    2.         100.         169.69413333   3.           0.
    0.           0.           0.           0.           0.
  100.         352.3212       3.         100.         612.36806667
    3.         100.          65.71013333   1.           0.
    0.           0.         100.         388.67153333   5.
  100.          92.274        1.           0.           0.
    0.           0.           0.           0.           0.
    0.           0.         100.         178.9568       2.
   99.97517995 676.68026667   5.        ]]
[[  0.           0.           0.         100.         517.29726667
    2.         100.         169.69413333   3.           0.
    0.           0.           0.           0.           0.
  100.         352.3212       3.         100.         612.36806667
    3.         100.          65.71013333   1.           0.
    0.           0.         100.         388.67153333   5.
  100.          92.274        1.           0.           0.
    0.           0.           0.           0.           0.
    0.           0.         100.         178.9568       2.
   99.97517995 676.68026667   5.        ]]
0.15758605343254906
0.20800732473529415
0.18998692452405228
0.15758605343254906
0.6002090825531807
0.08468406283376906
0.08468406283376906
0.28839269166457515
0.18925049465649235
0.388810369435817
0.388810369435817
0.20545092808117651
0.388810369435817
0.2900500653159042
0.1491686038980392
[[  0.           0.           0.         100.         398.4584
    1.         100.          81.26426667   1.           0.
    0.           0.         100.         527.0836       3.
    0.           0.           0.         100.         497.7236
    4.         100.         103.4594       1.         100.
   83.8856       1.         100.         243.2692       3.
  100.         335.544        4.           0.           0.
    0.         100.          29.3598       2.           0.
    0.           0.         100.         687.86513333   4.
  100.          41.943        1.        ]]
Closing environment
Exiting Main
Stopping all threads
Thread pydevd.Writer is alive! Is daemon: True
Thread joined
Thread pydevd.Reader is alive! Is daemon: True
